2 0.0 0.05644299999999999 0.439155 0.003467 0.422915 0.414912
2 0.021277 0.051699 0.415055 0.003467 0.422915 0.414912
2 0.042553 0.051489 0.385004 0.003467 0.422915 0.414912
2 0.06383 0.045485000000000005 0.314639 0.003467 0.422915 0.414912
2 0.085106 0.042482 0.251116 0.003467 0.422915 0.414912
2 0.10638299999999999 0.041161 0.20752800000000002 0.003467 0.422915 0.414912
2 0.12766 0.041161 0.171824 0.003467 0.422915 0.414912
2 0.14893599999999999 0.041161 0.152782 0.003467 0.422915 0.414912
2 0.170213 0.041161 0.13493 0.003467 0.422915 0.414912
2 0.19148900000000002 0.041161 0.14058299999999999 0.003467 0.422915 0.414912
2 0.21276599999999998 0.044374000000000004 0.168997 0.003467 0.422915 0.414912
2 0.23404299999999997 0.049868 0.212437 0.003467 0.422915 0.414912
2 0.255319 0.051489 0.298721 0.003467 0.422915 0.414912
2 0.276596 0.042482 0.39036 0.003467 0.422915 0.414912
2 0.29787199999999997 0.040861 0.40226100000000004 0.003467 0.422915 0.414912
2 0.31914899999999996 0.040711000000000004 0.462214 0.003467 0.422915 0.414912
2 0.340426 0.040861 0.48824799999999996 0.003467 0.422915 0.414912
2 0.361702 0.040711000000000004 0.493306 0.003467 0.422915 0.414912
2 0.382979 0.041041 0.53258 0.003467 0.422915 0.414912
2 0.40425500000000003 0.041161 0.546415 0.003467 0.422915 0.414912
2 0.42553199999999997 0.044374000000000004 0.53496 0.003467 0.422915 0.414912
2 0.446809 0.044374000000000004 0.51681 0.003467 0.422915 0.414912
2 0.46808500000000003 0.044374000000000004 0.513984 0.003467 0.422915 0.414912
2 0.48936199999999996 0.045485000000000005 0.513835 0.003467 0.422915 0.414912
2 0.510638 0.044374000000000004 0.505356 0.003467 0.422915 0.414912
2 0.5319149999999999 0.044374000000000004 0.497917 0.003467 0.422915 0.414912
2 0.553191 0.042482 0.499554 0.003467 0.422915 0.414912
2 0.574468 0.044374000000000004 0.49166899999999997 0.003467 0.422915 0.414912
2 0.595745 0.044374000000000004 0.48973500000000003 0.003467 0.422915 0.414912
2 0.617021 0.042482 0.47708999999999996 0.003467 0.422915 0.414912
2 0.6382979999999999 0.040861 0.466825 0.003467 0.422915 0.414912
2 0.659574 0.041161 0.47813199999999995 0.003467 0.422915 0.414912
2 0.680851 0.041161 0.484975 0.003467 0.422915 0.414912
2 0.702128 0.041161 0.503124 0.003467 0.422915 0.414912
2 0.723404 0.042482 0.55296 0.003467 0.422915 0.414912
2 0.744681 0.044374000000000004 0.612318 0.003467 0.422915 0.414912
2 0.765957 0.041041 0.587623 0.003467 0.422915 0.414912
2 0.787234 0.040711000000000004 0.5468609999999999 0.003467 0.422915 0.414912
2 0.808511 0.040711000000000004 0.497025 0.003467 0.422915 0.414912
2 0.829787 0.040861 0.47069300000000003 0.003467 0.422915 0.414912
2 0.8510639999999999 0.041041 0.446296 0.003467 0.422915 0.414912
2 0.87234 0.042482 0.412229 0.003467 0.422915 0.414912
2 0.893617 0.041161 0.368789 0.003467 0.422915 0.414912
2 0.9148940000000001 0.051489 0.34573000000000004 0.003467 0.422915 0.414912
2 0.9361700000000001 0.05644299999999999 0.40479 0.003467 0.422915 0.414912
2 0.9574469999999999 0.054641999999999996 0.42888999999999994 0.003467 0.422915 0.414912
2 0.978723 0.059235 0.445254 0.003467 0.422915 0.414912
2 1.0 0.054641999999999996 0.44093999999999994 0.003467 0.422915 0.414912
3 0.0 0.059235 0.442874 0.003467 0.422915 0.414912
3 0.021277 0.05644299999999999 0.41089 0.003467 0.422915 0.414912
3 0.042553 0.051489 0.378905 0.003467 0.422915 0.414912
3 0.06383 0.044374000000000004 0.31672100000000003 0.003467 0.422915 0.414912
3 0.085106 0.041041 0.257959 0.003467 0.422915 0.414912
3 0.10638299999999999 0.041161 0.214073 0.003467 0.422915 0.414912
3 0.12766 0.041161 0.178816 0.003467 0.422915 0.414912
3 0.14893599999999999 0.040951 0.151889 0.003467 0.422915 0.414912
3 0.170213 0.041011 0.1385 0.003467 0.422915 0.414912
3 0.19148900000000002 0.041041 0.142071 0.003467 0.422915 0.414912
3 0.21276599999999998 0.042482 0.171675 0.003467 0.422915 0.414912
3 0.23404299999999997 0.051489 0.21451900000000002 0.003467 0.422915 0.414912
3 0.255319 0.051489 0.30244 0.003467 0.422915 0.414912
3 0.276596 0.051489 0.393038 0.003467 0.422915 0.414912
3 0.29787199999999997 0.040861 0.395567 0.003467 0.422915 0.414912
3 0.31914899999999996 0.040861 0.456561 0.003467 0.422915 0.414912
3 0.340426 0.040861 0.487504 0.003467 0.422915 0.414912
3 0.361702 0.040861 0.488991 0.003467 0.422915 0.414912
3 0.382979 0.041041 0.52886 0.003467 0.422915 0.414912
3 0.40425500000000003 0.041041 0.533323 0.003467 0.422915 0.414912
3 0.42553199999999997 0.041041 0.519935 0.003467 0.422915 0.414912
3 0.446809 0.042362000000000004 0.502529 0.003467 0.422915 0.414912
3 0.46808500000000003 0.042482 0.49181800000000003 0.003467 0.422915 0.414912
3 0.48936199999999996 0.044374000000000004 0.48690900000000004 0.003467 0.422915 0.414912
3 0.510638 0.044374000000000004 0.480363 0.003467 0.422915 0.414912
3 0.5319149999999999 0.042482 0.47738800000000003 0.003467 0.422915 0.414912
3 0.553191 0.042482 0.47738800000000003 0.003467 0.422915 0.414912
3 0.574468 0.042482 0.47113999999999995 0.003467 0.422915 0.414912
3 0.595745 0.041041 0.46206499999999995 0.003467 0.422915 0.414912
3 0.617021 0.040861 0.445403 0.003467 0.422915 0.414912
3 0.6382979999999999 0.040861 0.442428 0.003467 0.422915 0.414912
3 0.659574 0.040861 0.450759 0.003467 0.422915 0.414912
3 0.680851 0.040861 0.45596499999999995 0.003467 0.422915 0.414912
3 0.702128 0.040861 0.484677 0.003467 0.422915 0.414912
3 0.723404 0.041041 0.53377 0.003467 0.422915 0.414912
3 0.744681 0.041041 0.604136 0.003467 0.422915 0.414912
3 0.765957 0.040861 0.587028 0.003467 0.422915 0.414912
3 0.787234 0.040711000000000004 0.552812 0.003467 0.422915 0.414912
3 0.808511 0.040711000000000004 0.5108600000000001 0.003467 0.422915 0.414912
3 0.829787 0.040861 0.48006499999999996 0.003467 0.422915 0.414912
3 0.8510639999999999 0.041041 0.452246 0.003467 0.422915 0.414912
3 0.87234 0.041041 0.431568 0.003467 0.422915 0.414912
3 0.893617 0.041041 0.3856 0.003467 0.422915 0.414912
3 0.9148940000000001 0.041041 0.350342 0.003467 0.422915 0.414912
3 0.9361700000000001 0.05644299999999999 0.409104 0.003467 0.422915 0.414912
3 0.9574469999999999 0.055362 0.435138 0.003467 0.422915 0.414912
3 0.978723 0.059235 0.456412 0.003467 0.422915 0.414912
3 1.0 0.054641999999999996 0.449866 0.003467 0.422915 0.414912
4 0.0 0.054641999999999996 0.44823 0.003467 0.422915 0.414912
4 0.021277 0.054641999999999996 0.42948500000000006 0.003467 0.422915 0.414912
4 0.042553 0.051489 0.39928600000000003 0.003467 0.422915 0.414912
4 0.06383 0.041041 0.331449 0.003467 0.422915 0.414912
4 0.085106 0.041041 0.271794 0.003467 0.422915 0.414912
4 0.10638299999999999 0.041041 0.228206 0.003467 0.422915 0.414912
4 0.12766 0.041041 0.183576 0.003467 0.422915 0.414912
4 0.14893599999999999 0.041041 0.16245199999999999 0.003467 0.422915 0.414912
4 0.170213 0.046956 0.151592 0.003467 0.422915 0.414912
4 0.19148900000000002 0.046956 0.147724 0.003467 0.422915 0.414912
4 0.21276599999999998 0.046956 0.174353 0.003467 0.422915 0.414912
4 0.23404299999999997 0.047106 0.2169 0.003467 0.422915 0.414912
4 0.255319 0.049868 0.307349 0.003467 0.422915 0.414912
4 0.276596 0.047106 0.403451 0.003467 0.422915 0.414912
4 0.29787199999999997 0.046956 0.40776599999999996 0.003467 0.422915 0.414912
4 0.31914899999999996 0.041161 0.46548599999999996 0.003467 0.422915 0.414912
4 0.340426 0.040711000000000004 0.490777 0.003467 0.422915 0.414912
4 0.361702 0.041161 0.49360299999999996 0.003467 0.422915 0.414912
4 0.382979 0.045515 0.519786 0.003467 0.422915 0.414912
4 0.40425500000000003 0.046956 0.531836 0.003467 0.422915 0.414912
4 0.42553199999999997 0.046956 0.520976 0.003467 0.422915 0.414912
4 0.446809 0.047106 0.490925 0.003467 0.422915 0.414912
4 0.46808500000000003 0.047106 0.49762 0.003467 0.422915 0.414912
4 0.48936199999999996 0.047106 0.490479 0.003467 0.422915 0.414912
4 0.510638 0.047106 0.482892 0.003467 0.422915 0.414912
4 0.5319149999999999 0.047436 0.47575100000000003 0.003467 0.422915 0.414912
4 0.553191 0.047436 0.474412 0.003467 0.422915 0.414912
4 0.574468 0.047106 0.466825 0.003467 0.422915 0.414912
4 0.595745 0.047106 0.45879200000000003 0.003467 0.422915 0.414912
4 0.617021 0.047106 0.44674200000000003 0.003467 0.422915 0.414912
4 0.6382979999999999 0.046956 0.439601 0.003467 0.422915 0.414912
4 0.659574 0.046956 0.442428 0.003467 0.422915 0.414912
4 0.680851 0.042482 0.45046099999999994 0.003467 0.422915 0.414912
4 0.702128 0.042482 0.46801499999999996 0.003467 0.422915 0.414912
4 0.723404 0.046956 0.510562 0.003467 0.422915 0.414912
4 0.744681 0.046956 0.592086 0.003467 0.422915 0.414912
4 0.765957 0.046956 0.584796 0.003467 0.422915 0.414912
4 0.787234 0.042482 0.558018 0.003467 0.422915 0.414912
4 0.808511 0.040711000000000004 0.52053 0.003467 0.422915 0.414912
4 0.829787 0.040711000000000004 0.493454 0.003467 0.422915 0.414912
4 0.8510639999999999 0.042482 0.473817 0.003467 0.422915 0.414912
4 0.87234 0.041882 0.453585 0.003467 0.422915 0.414912
4 0.893617 0.046956 0.407468 0.003467 0.422915 0.414912
4 0.9148940000000001 0.046956 0.371169 0.003467 0.422915 0.414912
4 0.9361700000000001 0.05644299999999999 0.42234499999999997 0.003467 0.422915 0.414912
4 0.9574469999999999 0.051699 0.44257700000000005 0.003467 0.422915 0.414912
4 0.978723 0.07586799999999999 0.46385 0.003467 0.422915 0.414912
4 1.0 0.075267 0.46206499999999995 0.003467 0.422915 0.414912
5 0.0 0.07586799999999999 0.459833 0.003467 0.422915 0.414912
5 0.021277 0.07586799999999999 0.434543 0.003467 0.422915 0.414912
5 0.042553 0.074517 0.395567 0.003467 0.422915 0.414912
5 0.06383 0.075267 0.327879 0.003467 0.422915 0.414912
5 0.085106 0.07586799999999999 0.273282 0.003467 0.422915 0.414912
5 0.10638299999999999 0.074517 0.232223 0.003467 0.422915 0.414912
5 0.12766 0.073976 0.18729500000000002 0.003467 0.422915 0.414912
5 0.14893599999999999 0.073976 0.164237 0.003467 0.422915 0.414912
5 0.170213 0.076948 0.154418 0.003467 0.422915 0.414912
5 0.19148900000000002 0.074367 0.159625 0.003467 0.422915 0.414912
5 0.21276599999999998 0.074367 0.182981 0.003467 0.422915 0.414912
5 0.23404299999999997 0.076948 0.226867 0.003467 0.422915 0.414912
5 0.255319 0.077999 0.314192 0.003467 0.422915 0.414912
5 0.276596 0.077039 0.401517 0.003467 0.422915 0.414912
5 0.29787199999999997 0.089798 0.405832 0.003467 0.422915 0.414912
5 0.31914899999999996 0.089798 0.457751 0.003467 0.422915 0.414912
5 0.340426 0.089798 0.49672700000000003 0.003467 0.422915 0.414912
5 0.361702 0.089798 0.500595 0.003467 0.422915 0.414912
5 0.382979 0.14966400000000002 0.542101 0.003467 0.422915 0.414912
5 0.40425500000000003 0.089798 0.550878 0.003467 0.422915 0.414912
5 0.42553199999999997 0.089798 0.535257 0.003467 0.422915 0.414912
5 0.446809 0.089798 0.516662 0.003467 0.422915 0.414912
5 0.46808500000000003 0.047675999999999996 0.50476 0.003467 0.422915 0.414912
5 0.48936199999999996 0.146902 0.495537 0.003467 0.422915 0.414912
5 0.510638 0.193287 0.48527200000000004 0.003467 0.422915 0.414912
5 0.5319149999999999 0.193287 0.48259399999999997 0.003467 0.422915 0.414912
5 0.553191 0.194548 0.473371 0.003467 0.422915 0.414912
5 0.574468 0.193287 0.468164 0.003467 0.422915 0.414912
5 0.595745 0.13963599999999998 0.46161899999999995 0.003467 0.422915 0.414912
5 0.617021 0.14966400000000002 0.45670900000000003 0.003467 0.422915 0.414912
5 0.6382979999999999 0.089798 0.439453 0.003467 0.422915 0.414912
5 0.659574 0.089798 0.43841099999999994 0.003467 0.422915 0.414912
5 0.680851 0.06626 0.441684 0.003467 0.422915 0.414912
5 0.702128 0.089798 0.45879200000000003 0.003467 0.422915 0.414912
5 0.723404 0.089798 0.499554 0.003467 0.422915 0.414912
5 0.744681 0.077039 0.5493899999999999 0.003467 0.422915 0.414912
5 0.765957 0.047586 0.53377 0.003467 0.422915 0.414912
5 0.787234 0.076948 0.505504 0.003467 0.422915 0.414912
5 0.808511 0.076948 0.45834600000000003 0.003467 0.422915 0.414912
5 0.829787 0.074036 0.42948500000000006 0.003467 0.422915 0.414912
5 0.8510639999999999 0.047586 0.39913699999999996 0.003467 0.422915 0.414912
5 0.87234 0.047586 0.376525 0.003467 0.422915 0.414912
5 0.893617 0.072835 0.352127 0.003467 0.422915 0.414912
5 0.9148940000000001 0.047586 0.309283 0.003467 0.422915 0.414912
5 0.9361700000000001 0.072835 0.381434 0.003467 0.422915 0.414912
5 0.9574469999999999 0.074367 0.408956 0.003467 0.422915 0.414912
5 0.978723 0.093611 0.43856000000000006 0.003467 0.422915 0.414912
5 1.0 0.14966400000000002 0.435436 0.003467 0.422915 0.414912
6 0.0 0.076948 0.436924 0.003467 0.422915 0.414912
6 0.021277 0.074336 0.407468 0.003467 0.422915 0.414912
6 0.042553 0.077039 0.368343 0.003467 0.422915 0.414912
6 0.06383 0.072835 0.30452199999999996 0.003467 0.422915 0.414912
6 0.085106 0.071905 0.24635500000000002 0.003467 0.422915 0.414912
6 0.10638299999999999 0.046956 0.19681600000000002 0.003467 0.422915 0.414912
6 0.12766 0.046956 0.152633 0.003467 0.422915 0.414912
6 0.14893599999999999 0.046806 0.127343 0.003467 0.422915 0.414912
6 0.170213 0.046956 0.11083 0.003467 0.422915 0.414912
6 0.19148900000000002 0.046956 0.101607 0.003467 0.422915 0.414912
6 0.21276599999999998 0.046956 0.105326 0.003467 0.422915 0.414912
6 0.23404299999999997 0.06241699999999999 0.120649 0.003467 0.422915 0.414912
6 0.255319 0.06241699999999999 0.149807 0.003467 0.422915 0.414912
6 0.276596 0.072145 0.17688199999999998 0.003467 0.422915 0.414912
6 0.29787199999999997 0.047106 0.214073 0.003467 0.422915 0.414912
6 0.31914899999999996 0.080581 0.286224 0.003467 0.422915 0.414912
6 0.340426 0.072145 0.34424299999999997 0.003467 0.422915 0.414912
6 0.361702 0.080581 0.385897 0.003467 0.422915 0.414912
6 0.382979 0.080581 0.42353500000000005 0.003467 0.422915 0.414912
6 0.40425500000000003 0.072745 0.428593 0.003467 0.422915 0.414912
6 0.42553199999999997 0.047376 0.41698900000000005 0.003467 0.422915 0.414912
6 0.446809 0.047256 0.403154 0.003467 0.422915 0.414912
6 0.46808500000000003 0.072145 0.38262399999999996 0.003467 0.422915 0.414912
6 0.48936199999999996 0.047256 0.371021 0.003467 0.422915 0.414912
6 0.510638 0.072145 0.354508 0.003467 0.422915 0.414912
6 0.5319149999999999 0.047256 0.337102 0.003467 0.422915 0.414912
6 0.553191 0.047256 0.32579600000000003 0.003467 0.422915 0.414912
6 0.574468 0.072145 0.313746 0.003467 0.422915 0.414912
6 0.595745 0.047256 0.296489 0.003467 0.422915 0.414912
6 0.617021 0.047256 0.28726599999999997 0.003467 0.422915 0.414912
6 0.6382979999999999 0.072145 0.284588 0.003467 0.422915 0.414912
6 0.659574 0.072745 0.28726599999999997 0.003467 0.422915 0.414912
6 0.680851 0.080581 0.291431 0.003467 0.422915 0.414912
6 0.702128 0.080581 0.318209 0.003467 0.422915 0.414912
6 0.723404 0.072745 0.363136 0.003467 0.422915 0.414912
6 0.744681 0.080581 0.44942 0.003467 0.422915 0.414912
6 0.765957 0.072745 0.45804799999999996 0.003467 0.422915 0.414912
6 0.787234 0.072145 0.42844399999999994 0.003467 0.422915 0.414912
6 0.808511 0.047256 0.385302 0.003467 0.422915 0.414912
6 0.829787 0.047256 0.351532 0.003467 0.422915 0.414912
6 0.8510639999999999 0.047256 0.32535 0.003467 0.422915 0.414912
6 0.87234 0.047256 0.30943200000000004 0.003467 0.422915 0.414912
6 0.893617 0.047106 0.282059 0.003467 0.422915 0.414912
6 0.9148940000000001 0.047106 0.259447 0.003467 0.422915 0.414912
6 0.9361700000000001 0.072145 0.29753 0.003467 0.422915 0.414912
6 0.9574469999999999 0.047106 0.31687 0.003467 0.422915 0.414912
6 0.978723 0.047256 0.3374 0.003467 0.422915 0.414912
6 1.0 0.047256 0.31657199999999996 0.003467 0.422915 0.414912
7 0.0 0.047106 0.30244 0.003467 0.422915 0.414912
7 0.021277 0.047106 0.259 0.003467 0.422915 0.414912
7 0.042553 0.047106 0.234157 0.003467 0.422915 0.414912
7 0.06383 0.047106 0.182089 0.003467 0.422915 0.414912
7 0.085106 0.046956 0.140732 0.003467 0.422915 0.414912
7 0.10638299999999999 0.06241699999999999 0.111425 0.003467 0.422915 0.414912
7 0.12766 0.06241699999999999 0.087176 0.003467 0.422915 0.414912
7 0.14893599999999999 0.06241699999999999 0.07349 0.003467 0.422915 0.414912
7 0.170213 0.06241699999999999 0.058166999999999996 0.003467 0.422915 0.414912
7 0.19148900000000002 0.06241699999999999 0.052812 0.003467 0.422915 0.414912
7 0.21276599999999998 0.063889 0.06426699999999999 0.003467 0.422915 0.414912
7 0.23404299999999997 0.06241699999999999 0.074383 0.003467 0.422915 0.414912
7 0.255319 0.06241699999999999 0.09074700000000001 0.003467 0.422915 0.414912
7 0.276596 0.046956 0.091937 0.003467 0.422915 0.414912
7 0.29787199999999997 0.046956 0.12793800000000002 0.003467 0.422915 0.414912
7 0.31914899999999996 0.047256 0.180452 0.003467 0.422915 0.414912
7 0.340426 0.047256 0.230884 0.003467 0.422915 0.414912
7 0.361702 0.047256 0.277298 0.003467 0.422915 0.414912
7 0.382979 0.047376 0.327581 0.003467 0.422915 0.414912
7 0.40425500000000003 0.047376 0.35123499999999996 0.003467 0.422915 0.414912
7 0.42553199999999997 0.047256 0.35525100000000004 0.003467 0.422915 0.414912
7 0.446809 0.047256 0.345582 0.003467 0.422915 0.414912
7 0.46808500000000003 0.07169400000000001 0.337251 0.003467 0.422915 0.414912
7 0.48936199999999996 0.05413099999999999 0.323416 0.003467 0.422915 0.414912
7 0.510638 0.07169400000000001 0.308242 0.003467 0.422915 0.414912
7 0.5319149999999999 0.069383 0.281018 0.003467 0.422915 0.414912
7 0.553191 0.047256 0.263612 0.003467 0.422915 0.414912
7 0.574468 0.047256 0.24486799999999997 0.003467 0.422915 0.414912
7 0.595745 0.047256 0.23504899999999998 0.003467 0.422915 0.414912
7 0.617021 0.047106 0.231479 0.003467 0.422915 0.414912
7 0.6382979999999999 0.047256 0.23251999999999998 0.003467 0.422915 0.414912
7 0.659574 0.047106 0.240405 0.003467 0.422915 0.414912
7 0.680851 0.047256 0.240702 0.003467 0.422915 0.414912
7 0.702128 0.047256 0.263761 0.003467 0.422915 0.414912
7 0.723404 0.047286 0.311068 0.003467 0.422915 0.414912
7 0.744681 0.047436 0.387682 0.003467 0.422915 0.414912
7 0.765957 0.069383 0.403898 0.003467 0.422915 0.414912
7 0.787234 0.047376 0.383071 0.003467 0.422915 0.414912
7 0.808511 0.047256 0.366706 0.003467 0.422915 0.414912
7 0.829787 0.047256 0.34677199999999997 0.003467 0.422915 0.414912
7 0.8510639999999999 0.047256 0.328771 0.003467 0.422915 0.414912
7 0.87234 0.047106 0.311068 0.003467 0.422915 0.414912
7 0.893617 0.047106 0.280571 0.003467 0.422915 0.414912
7 0.9148940000000001 0.047106 0.25245500000000004 0.003467 0.422915 0.414912
7 0.9361700000000001 0.047106 0.287414 0.003467 0.422915 0.414912
7 0.9574469999999999 0.047256 0.298869 0.003467 0.422915 0.414912
7 0.978723 0.047256 0.316424 0.003467 0.422915 0.414912
7 1.0 0.047106 0.293663 0.003467 0.422915 0.414912
1 0.0 0.047106 0.282654 0.003467 0.422915 0.414912
1 0.021277 0.047106 0.247694 0.003467 0.422915 0.414912
1 0.042553 0.047106 0.233859 0.003467 0.422915 0.414912
1 0.06383 0.046956 0.185808 0.003467 0.422915 0.414912
1 0.085106 0.046956 0.154865 0.003467 0.422915 0.414912
1 0.10638299999999999 0.046956 0.127789 0.003467 0.422915 0.414912
1 0.12766 0.046956 0.112169 0.003467 0.422915 0.414912
1 0.14893599999999999 0.046806 0.101309 0.003467 0.422915 0.414912
1 0.170213 0.046806 0.10235 0.003467 0.422915 0.414912
1 0.19148900000000002 0.046806 0.11053299999999999 0.003467 0.422915 0.414912
1 0.21276599999999998 0.046806 0.143112 0.003467 0.422915 0.414912
1 0.23404299999999997 0.047256 0.18774200000000002 0.003467 0.422915 0.414912
1 0.255319 0.047256 0.27953 0.003467 0.422915 0.414912
1 0.276596 0.047106 0.36759899999999995 0.003467 0.422915 0.414912
1 0.29787199999999997 0.10475 0.375483 0.003467 0.422915 0.414912
1 0.31914899999999996 0.10475 0.435882 0.003467 0.422915 0.414912
1 0.340426 0.155878 0.46533800000000003 0.003467 0.422915 0.414912
1 0.361702 0.15320599999999998 0.46965200000000007 0.003467 0.422915 0.414912
1 0.382979 0.10475 0.5123479999999999 0.003467 0.422915 0.414912
1 0.40425500000000003 0.10475 0.529753 0.003467 0.422915 0.414912
1 0.42553199999999997 0.10475 0.519042 0.003467 0.422915 0.414912
1 0.446809 0.074817 0.49895900000000004 0.003467 0.422915 0.414912
1 0.46808500000000003 0.10475 0.495091 0.003467 0.422915 0.414912
1 0.48936199999999996 0.10475 0.49271099999999995 0.003467 0.422915 0.414912
1 0.510638 0.13105 0.488545 0.003467 0.422915 0.414912
1 0.5319149999999999 0.10475 0.476346 0.003467 0.422915 0.414912
1 0.553191 0.10475 0.47857799999999995 0.003467 0.422915 0.414912
1 0.574468 0.13105 0.478429 0.003467 0.422915 0.414912
1 0.595745 0.13105 0.47322200000000003 0.003467 0.422915 0.414912
1 0.617021 0.13105 0.467718 0.003467 0.422915 0.414912
1 0.6382979999999999 0.13105 0.457007 0.003467 0.422915 0.414912
1 0.659574 0.13105 0.472925 0.003467 0.422915 0.414912
1 0.680851 0.179596 0.48928900000000003 0.003467 0.422915 0.414912
1 0.702128 0.179596 0.5373399999999999 0.003467 0.422915 0.414912
1 0.723404 0.209229 0.591639 0.003467 0.422915 0.414912
1 0.744681 0.194548 0.6515920000000001 0.003467 0.422915 0.414912
1 0.765957 0.193287 0.629575 0.003467 0.422915 0.414912
1 0.787234 0.179596 0.597292 0.003467 0.422915 0.414912
1 0.808511 0.179596 0.558316 0.003467 0.422915 0.414912
1 0.829787 0.13105 0.526034 0.003467 0.422915 0.414912
1 0.8510639999999999 0.155878 0.497025 0.003467 0.422915 0.414912
1 0.87234 0.10475 0.471883 0.003467 0.422915 0.414912
1 0.893617 0.10928299999999999 0.42799799999999993 0.003467 0.422915 0.414912
1 0.9148940000000001 0.10475 0.3795 0.003467 0.422915 0.414912
1 0.9361700000000001 0.088327 0.425022 0.003467 0.422915 0.414912
1 0.9574469999999999 0.088327 0.448825 0.003467 0.422915 0.414912
1 0.978723 0.10928299999999999 0.468462 0.003467 0.422915 0.414912
1 1.0 0.077039 0.46385 0.003467 0.422915 0.414912
2 0.0 0.077039 0.459685 0.003467 0.422915 0.414912
2 0.021277 0.088327 0.438857 0.003467 0.422915 0.414912
2 0.042553 0.047256 0.409551 0.003467 0.422915 0.414912
2 0.06383 0.047106 0.341416 0.003467 0.422915 0.414912
2 0.085106 0.047106 0.27923200000000004 0.003467 0.422915 0.414912
2 0.10638299999999999 0.046956 0.236686 0.003467 0.422915 0.414912
2 0.12766 0.046956 0.193692 0.003467 0.422915 0.414912
2 0.14893599999999999 0.06241699999999999 0.16736099999999998 0.003467 0.422915 0.414912
2 0.170213 0.077999 0.15754200000000002 0.003467 0.422915 0.414912
2 0.19148900000000002 0.077999 0.158137 0.003467 0.422915 0.414912
2 0.21276599999999998 0.077999 0.186105 0.003467 0.422915 0.414912
2 0.23404299999999997 0.08379400000000001 0.23311500000000002 0.003467 0.422915 0.414912
2 0.255319 0.08541499999999999 0.323862 0.003467 0.422915 0.414912
2 0.276596 0.16209300000000001 0.436626 0.003467 0.422915 0.414912
2 0.29787199999999997 0.16209300000000001 0.44718800000000003 0.003467 0.422915 0.414912
2 0.31914899999999996 0.179596 0.5058020000000001 0.003467 0.422915 0.414912
2 0.340426 0.179596 0.528265 0.003467 0.422915 0.414912
2 0.361702 0.179596 0.523654 0.003467 0.422915 0.414912
2 0.382979 0.179596 0.558762 0.003467 0.422915 0.414912
2 0.40425500000000003 0.179596 0.5723 0.003467 0.422915 0.414912
2 0.42553199999999997 0.16209300000000001 0.553704 0.003467 0.422915 0.414912
2 0.446809 0.10475 0.533621 0.003467 0.422915 0.414912
2 0.46808500000000003 0.16209300000000001 0.516513 0.003467 0.422915 0.414912
2 0.48936199999999996 0.14338900000000002 0.509223 0.003467 0.422915 0.414912
2 0.510638 0.13105 0.497173 0.003467 0.422915 0.414912
2 0.5319149999999999 0.14338900000000002 0.49985100000000005 0.003467 0.422915 0.414912
2 0.553191 0.14338900000000002 0.502083 0.003467 0.422915 0.414912
2 0.574468 0.14338900000000002 0.49137200000000003 0.003467 0.422915 0.414912
2 0.595745 0.14338900000000002 0.47976800000000003 0.003467 0.422915 0.414912
2 0.617021 0.13105 0.47471 0.003467 0.422915 0.414912
2 0.6382979999999999 0.13105 0.46801499999999996 0.003467 0.422915 0.414912
2 0.659574 0.13105 0.48482600000000003 0.003467 0.422915 0.414912
2 0.680851 0.16209300000000001 0.49895900000000004 0.003467 0.422915 0.414912
2 0.702128 0.179596 0.540762 0.003467 0.422915 0.414912
2 0.723404 0.194548 0.612169 0.003467 0.422915 0.414912
2 0.744681 0.194548 0.678667 0.003467 0.422915 0.414912
2 0.765957 0.194548 0.6658729999999999 0.003467 0.422915 0.414912
2 0.787234 0.188904 0.635228 0.003467 0.422915 0.414912
2 0.808511 0.179596 0.585242 0.003467 0.422915 0.414912
2 0.829787 0.179596 0.5620350000000001 0.003467 0.422915 0.414912
2 0.8510639999999999 0.14338900000000002 0.535852 0.003467 0.422915 0.414912
2 0.87234 0.12171300000000002 0.508033 0.003467 0.422915 0.414912
2 0.893617 0.10475 0.463106 0.003467 0.422915 0.414912
2 0.9148940000000001 0.10475 0.422047 0.003467 0.422915 0.414912
2 0.9361700000000001 0.13105 0.458941 0.003467 0.422915 0.414912
2 0.9574469999999999 0.12171300000000002 0.47009799999999996 0.003467 0.422915 0.414912
2 0.978723 0.090759 0.488396 0.003467 0.422915 0.414912
2 1.0 0.12171300000000002 0.48066099999999995 0.003467 0.422915 0.414912
3 0.0 0.12171300000000002 0.486314 0.003467 0.422915 0.414912
3 0.021277 0.12171300000000002 0.459387 0.003467 0.422915 0.414912
3 0.042553 0.08541499999999999 0.43141899999999994 0.003467 0.422915 0.414912
3 0.06383 0.08379400000000001 0.363582 0.003467 0.422915 0.414912
3 0.085106 0.08379400000000001 0.311068 0.003467 0.422915 0.414912
3 0.10638299999999999 0.080581 0.258554 0.003467 0.422915 0.414912
3 0.12766 0.077999 0.21719699999999997 0.003467 0.422915 0.414912
3 0.14893599999999999 0.077999 0.186998 0.003467 0.422915 0.414912
3 0.170213 0.06241699999999999 0.175245 0.003467 0.422915 0.414912
3 0.19148900000000002 0.06241699999999999 0.173312 0.003467 0.422915 0.414912
3 0.21276599999999998 0.077999 0.202321 0.003467 0.422915 0.414912
3 0.23404299999999997 0.077999 0.243529 0.003467 0.422915 0.414912
3 0.255319 0.12171300000000002 0.34528400000000004 0.003467 0.422915 0.414912
3 0.276596 0.140267 0.451503 0.003467 0.422915 0.414912
3 0.29787199999999997 0.16209300000000001 0.461321 0.003467 0.422915 0.414912
3 0.31914899999999996 0.193287 0.525588 0.003467 0.422915 0.414912
3 0.340426 0.179596 0.544183 0.003467 0.422915 0.414912
3 0.361702 0.16209300000000001 0.533323 0.003467 0.422915 0.414912
3 0.382979 0.140267 0.5636720000000001 0.003467 0.422915 0.414912
3 0.40425500000000003 0.11973099999999999 0.567986 0.003467 0.422915 0.414912
3 0.42553199999999997 0.11973099999999999 0.551175 0.003467 0.422915 0.414912
3 0.446809 0.11973099999999999 0.5299020000000001 0.003467 0.422915 0.414912
3 0.46808500000000003 0.089798 0.5182979999999999 0.003467 0.422915 0.414912
3 0.48936199999999996 0.11973099999999999 0.503422 0.003467 0.422915 0.414912
3 0.510638 0.11973099999999999 0.49226400000000003 0.003467 0.422915 0.414912
3 0.5319149999999999 0.089798 0.481702 0.003467 0.422915 0.414912
3 0.553191 0.089798 0.472925 0.003467 0.422915 0.414912
3 0.574468 0.089798 0.468908 0.003467 0.422915 0.414912
3 0.595745 0.089798 0.456412 0.003467 0.422915 0.414912
3 0.617021 0.089798 0.441238 0.003467 0.422915 0.414912
3 0.6382979999999999 0.089798 0.43499 0.003467 0.422915 0.414912
3 0.659574 0.045214 0.450164 0.003467 0.422915 0.414912
3 0.680851 0.089798 0.463106 0.003467 0.422915 0.414912
3 0.702128 0.11973099999999999 0.500149 0.003467 0.422915 0.414912
3 0.723404 0.203525 0.570217 0.003467 0.422915 0.414912
3 0.744681 0.203525 0.645492 0.003467 0.422915 0.414912
3 0.765957 0.203525 0.632699 0.003467 0.422915 0.414912
3 0.787234 0.193287 0.604582 0.003467 0.422915 0.414912
3 0.808511 0.16209300000000001 0.565605 0.003467 0.422915 0.414912
3 0.829787 0.140267 0.540315 0.003467 0.422915 0.414912
3 0.8510639999999999 0.11973099999999999 0.519786 0.003467 0.422915 0.414912
3 0.87234 0.11973099999999999 0.48869399999999996 0.003467 0.422915 0.414912
3 0.893617 0.11973099999999999 0.44823 0.003467 0.422915 0.414912
3 0.9148940000000001 0.11973099999999999 0.39973200000000003 0.003467 0.422915 0.414912
3 0.9361700000000001 0.140267 0.448825 0.003467 0.422915 0.414912
3 0.9574469999999999 0.13105 0.464296 0.003467 0.422915 0.414912
3 0.978723 0.134622 0.48765200000000003 0.003467 0.422915 0.414912
3 1.0 0.12171300000000002 0.488545 0.003467 0.422915 0.414912
4 0.0 0.140267 0.49033000000000004 0.003467 0.422915 0.414912
4 0.021277 0.12171300000000002 0.463999 0.003467 0.422915 0.414912
4 0.042553 0.111024 0.428741 0.003467 0.422915 0.414912
4 0.06383 0.090759 0.36685500000000004 0.003467 0.422915 0.414912
4 0.085106 0.077999 0.307349 0.003467 0.422915 0.414912
4 0.10638299999999999 0.077999 0.261232 0.003467 0.422915 0.414912
4 0.12766 0.06241699999999999 0.215115 0.003467 0.422915 0.414912
4 0.14893599999999999 0.077999 0.186254 0.003467 0.422915 0.414912
4 0.170213 0.074877 0.170336 0.003467 0.422915 0.414912
4 0.19148900000000002 0.074877 0.171526 0.003467 0.422915 0.414912
4 0.21276599999999998 0.081122 0.199494 0.003467 0.422915 0.414912
4 0.23404299999999997 0.081122 0.24159499999999998 0.003467 0.422915 0.414912
4 0.255319 0.11405699999999999 0.33814299999999997 0.003467 0.422915 0.414912
4 0.276596 0.13105 0.44332 0.003467 0.422915 0.414912
4 0.29787199999999997 0.13105 0.45537 0.003467 0.422915 0.414912
4 0.31914899999999996 0.149634 0.524695 0.003467 0.422915 0.414912
4 0.340426 0.149634 0.543737 0.003467 0.422915 0.414912
4 0.361702 0.13105 0.536894 0.003467 0.422915 0.414912
4 0.382979 0.110724 0.57706 0.003467 0.422915 0.414912
4 0.40425500000000003 0.110724 0.586581 0.003467 0.422915 0.414912
4 0.42553199999999997 0.107752 0.571407 0.003467 0.422915 0.414912
4 0.446809 0.107752 0.552812 0.003467 0.422915 0.414912
4 0.46808500000000003 0.107752 0.537043 0.003467 0.422915 0.414912
4 0.48936199999999996 0.074817 0.530646 0.003467 0.422915 0.414912
4 0.510638 0.074817 0.5239510000000001 0.003467 0.422915 0.414912
4 0.5319149999999999 0.074817 0.514579 0.003467 0.422915 0.414912
4 0.553191 0.074817 0.500149 0.003467 0.422915 0.414912
4 0.574468 0.107752 0.502678 0.003467 0.422915 0.414912
4 0.595745 0.074817 0.495537 0.003467 0.422915 0.414912
4 0.617021 0.074817 0.488545 0.003467 0.422915 0.414912
4 0.6382979999999999 0.107752 0.48557 0.003467 0.422915 0.414912
4 0.659574 0.107752 0.49657799999999996 0.003467 0.422915 0.414912
4 0.680851 0.107752 0.5178520000000001 0.003467 0.422915 0.414912
4 0.702128 0.12171300000000002 0.557126 0.003467 0.422915 0.414912
4 0.723404 0.14966400000000002 0.616483 0.003467 0.422915 0.414912
4 0.744681 0.14966400000000002 0.678667 0.003467 0.422915 0.414912
4 0.765957 0.14966400000000002 0.670485 0.003467 0.422915 0.414912
4 0.787234 0.14966400000000002 0.646534 0.003467 0.422915 0.414912
4 0.808511 0.14966400000000002 0.608599 0.003467 0.422915 0.414912
4 0.829787 0.134622 0.578697 0.003467 0.422915 0.414912
4 0.8510639999999999 0.12171300000000002 0.560399 0.003467 0.422915 0.414912
4 0.87234 0.110724 0.528265 0.003467 0.422915 0.414912
4 0.893617 0.107752 0.475602 0.003467 0.422915 0.414912
4 0.9148940000000001 0.107752 0.43052700000000005 0.003467 0.422915 0.414912
4 0.9361700000000001 0.12171300000000002 0.47738800000000003 0.003467 0.422915 0.414912
4 0.9574469999999999 0.13093 0.49033000000000004 0.003467 0.422915 0.414912
4 0.978723 0.13093 0.5004460000000001 0.003467 0.422915 0.414912
4 1.0 0.13093 0.48958599999999997 0.003467 0.422915 0.414912
5 0.0 0.13093 0.485421 0.003467 0.422915 0.414912
5 0.021277 0.12171300000000002 0.46161899999999995 0.003467 0.422915 0.414912
5 0.042553 0.111024 0.43394799999999994 0.003467 0.422915 0.414912
5 0.06383 0.090759 0.364177 0.003467 0.422915 0.414912
5 0.085106 0.081122 0.308688 0.003467 0.422915 0.414912
5 0.10638299999999999 0.081122 0.262571 0.003467 0.422915 0.414912
5 0.12766 0.081122 0.21719699999999997 0.003467 0.422915 0.414912
5 0.14893599999999999 0.081122 0.190866 0.003467 0.422915 0.414912
5 0.170213 0.081122 0.17613800000000002 0.003467 0.422915 0.414912
5 0.19148900000000002 0.081122 0.175245 0.003467 0.422915 0.414912
5 0.21276599999999998 0.081122 0.203511 0.003467 0.422915 0.414912
5 0.23404299999999997 0.12171300000000002 0.246504 0.003467 0.422915 0.414912
5 0.255319 0.134622 0.339334 0.003467 0.422915 0.414912
5 0.276596 0.14447000000000002 0.444511 0.003467 0.422915 0.414912
5 0.29787199999999997 0.044134 0.459833 0.003467 0.422915 0.414912
5 0.31914899999999996 0.07926 0.526778 0.003467 0.422915 0.414912
5 0.340426 0.13105 0.546712 0.003467 0.422915 0.414912
5 0.361702 0.13096 0.543886 0.003467 0.422915 0.414912
5 0.382979 0.178095 0.576317 0.003467 0.422915 0.414912
5 0.40425500000000003 0.16833800000000002 0.582565 0.003467 0.422915 0.414912
5 0.42553199999999997 0.16833800000000002 0.564713 0.003467 0.422915 0.414912
5 0.446809 0.149634 0.545076 0.003467 0.422915 0.414912
5 0.46808500000000003 0.149634 0.530943 0.003467 0.422915 0.414912
5 0.48936199999999996 0.149634 0.5290090000000001 0.003467 0.422915 0.414912
5 0.510638 0.14639100000000002 0.519786 0.003467 0.422915 0.414912
5 0.5319149999999999 0.13105 0.510562 0.003467 0.422915 0.414912
5 0.553191 0.13093 0.492859 0.003467 0.422915 0.414912
5 0.574468 0.13105 0.48185100000000003 0.003467 0.422915 0.414912
5 0.595745 0.045214 0.46905699999999995 0.003467 0.422915 0.414912
5 0.617021 0.13105 0.457751 0.003467 0.422915 0.414912
5 0.6382979999999999 0.13105 0.451651 0.003467 0.422915 0.414912
5 0.659574 0.149634 0.45998199999999995 0.003467 0.422915 0.414912
5 0.680851 0.16833800000000002 0.47277600000000003 0.003467 0.422915 0.414912
5 0.702128 0.16833800000000002 0.511009 0.003467 0.422915 0.414912
5 0.723404 0.134622 0.567242 0.003467 0.422915 0.414912
5 0.744681 0.092951 0.6197560000000001 0.003467 0.422915 0.414912
5 0.765957 0.149634 0.592086 0.003467 0.422915 0.414912
5 0.787234 0.13093 0.573341 0.003467 0.422915 0.414912
5 0.808511 0.12171300000000002 0.528414 0.003467 0.422915 0.414912
5 0.829787 0.045214 0.504017 0.003467 0.422915 0.414912
5 0.8510639999999999 0.11874000000000001 0.480363 0.003467 0.422915 0.414912
5 0.87234 0.076498 0.464743 0.003467 0.422915 0.414912
5 0.893617 0.044134 0.42353500000000005 0.003467 0.422915 0.414912
5 0.9148940000000001 0.076498 0.378608 0.003467 0.422915 0.414912
5 0.9361700000000001 0.129248 0.43618 0.003467 0.422915 0.414912
5 0.9574469999999999 0.090759 0.464445 0.003467 0.422915 0.414912
5 0.978723 0.13093 0.48973500000000003 0.003467 0.422915 0.414912
5 1.0 0.12171300000000002 0.484231 0.003467 0.422915 0.414912
6 0.0 0.076498 0.47872700000000007 0.003467 0.422915 0.414912
6 0.021277 0.044224 0.447337 0.003467 0.422915 0.414912
6 0.042553 0.044073 0.41282399999999997 0.003467 0.422915 0.414912
6 0.06383 0.045214 0.339929 0.003467 0.422915 0.414912
6 0.085106 0.044104000000000004 0.280571 0.003467 0.422915 0.414912
6 0.10638299999999999 0.045214 0.227611 0.003467 0.422915 0.414912
6 0.12766 0.074877 0.185808 0.003467 0.422915 0.414912
6 0.14893599999999999 0.074877 0.15337699999999999 0.003467 0.422915 0.414912
6 0.170213 0.044104000000000004 0.132996 0.003467 0.422915 0.414912
6 0.19148900000000002 0.067311 0.123326 0.003467 0.422915 0.414912
6 0.21276599999999998 0.068302 0.126897 0.003467 0.422915 0.414912
6 0.23404299999999997 0.068302 0.141922 0.003467 0.422915 0.414912
6 0.255319 0.068302 0.171526 0.003467 0.422915 0.414912
6 0.276596 0.07932 0.209461 0.003467 0.422915 0.414912
6 0.29787199999999997 0.084364 0.254389 0.003467 0.422915 0.414912
6 0.31914899999999996 0.084364 0.328176 0.003467 0.422915 0.414912
6 0.340426 0.084364 0.39467399999999997 0.003467 0.422915 0.414912
6 0.361702 0.102978 0.43186599999999997 0.003467 0.422915 0.414912
6 0.382979 0.11973099999999999 0.468164 0.003467 0.422915 0.414912
6 0.40425500000000003 0.11973099999999999 0.468164 0.003467 0.422915 0.414912
6 0.42553199999999997 0.11973099999999999 0.453288 0.003467 0.422915 0.414912
6 0.446809 0.117029 0.435733 0.003467 0.422915 0.414912
6 0.46808500000000003 0.08454400000000001 0.420857 0.003467 0.422915 0.414912
6 0.48936199999999996 0.084364 0.405088 0.003467 0.422915 0.414912
6 0.510638 0.084364 0.395716 0.003467 0.422915 0.414912
6 0.5319149999999999 0.07932 0.37964899999999996 0.003467 0.422915 0.414912
6 0.553191 0.07932 0.36804499999999996 0.003467 0.422915 0.414912
6 0.574468 0.07932 0.355995 0.003467 0.422915 0.414912
6 0.595745 0.07932 0.347813 0.003467 0.422915 0.414912
6 0.617021 0.07932 0.336805 0.003467 0.422915 0.414912
6 0.6382979999999999 0.07932 0.338292 0.003467 0.422915 0.414912
6 0.659574 0.084364 0.34468899999999997 0.003467 0.422915 0.414912
6 0.680851 0.085895 0.356442 0.003467 0.422915 0.414912
6 0.702128 0.085895 0.405385 0.003467 0.422915 0.414912
6 0.723404 0.07932 0.467272 0.003467 0.422915 0.414912
6 0.744681 0.102258 0.536745 0.003467 0.422915 0.414912
6 0.765957 0.10826199999999998 0.5373399999999999 0.003467 0.422915 0.414912
6 0.787234 0.09904500000000001 0.507587 0.003467 0.422915 0.414912
6 0.808511 0.09904500000000001 0.462362 0.003467 0.422915 0.414912
6 0.829787 0.09904500000000001 0.424278 0.003467 0.422915 0.414912
6 0.8510639999999999 0.084364 0.400922 0.003467 0.422915 0.414912
6 0.87234 0.07932 0.378756 0.003467 0.422915 0.414912
6 0.893617 0.076168 0.347367 0.003467 0.422915 0.414912
6 0.9148940000000001 0.076168 0.316275 0.003467 0.422915 0.414912
6 0.9361700000000001 0.07932 0.35302 0.003467 0.422915 0.414912
6 0.9574469999999999 0.076168 0.365665 0.003467 0.422915 0.414912
6 0.978723 0.068302 0.381137 0.003467 0.422915 0.414912
6 1.0 0.045214 0.349003 0.003467 0.422915 0.414912
7 0.0 0.044224 0.335019 0.003467 0.422915 0.414912
7 0.021277 0.045214 0.290539 0.003467 0.422915 0.414912
7 0.042553 0.044104000000000004 0.264207 0.003467 0.422915 0.414912
7 0.06383 0.044104000000000004 0.211693 0.003467 0.422915 0.414912
7 0.085106 0.044104000000000004 0.171378 0.003467 0.422915 0.414912
7 0.10638299999999999 0.044104000000000004 0.1385 0.003467 0.422915 0.414912
7 0.12766 0.044104000000000004 0.112764 0.003467 0.422915 0.414912
7 0.14893599999999999 0.044104000000000004 0.090598 0.003467 0.422915 0.414912
7 0.170213 0.06518 0.081077 0.003467 0.422915 0.414912
7 0.19148900000000002 0.06518 0.073639 0.003467 0.422915 0.414912
7 0.21276599999999998 0.067311 0.081523 0.003467 0.422915 0.414912
7 0.23404299999999997 0.067311 0.089259 0.003467 0.422915 0.414912
7 0.255319 0.067311 0.112318 0.003467 0.422915 0.414912
7 0.276596 0.067311 0.131657 0.003467 0.422915 0.414912
7 0.29787199999999997 0.068302 0.15427000000000002 0.003467 0.422915 0.414912
7 0.31914899999999996 0.080731 0.207825 0.003467 0.422915 0.414912
7 0.340426 0.080731 0.26822399999999996 0.003467 0.422915 0.414912
7 0.361702 0.084064 0.315977 0.003467 0.422915 0.414912
7 0.382979 0.084064 0.365814 0.003467 0.422915 0.414912
7 0.40425500000000003 0.080731 0.387385 0.003467 0.422915 0.414912
7 0.42553199999999997 0.083824 0.385748 0.003467 0.422915 0.414912
7 0.446809 0.085895 0.370277 0.003467 0.422915 0.414912
7 0.46808500000000003 0.085895 0.354061 0.003467 0.422915 0.414912
7 0.48936199999999996 0.084064 0.33859 0.003467 0.422915 0.414912
7 0.510638 0.084064 0.327135 0.003467 0.422915 0.414912
7 0.5319149999999999 0.084064 0.311812 0.003467 0.422915 0.414912
7 0.553191 0.080731 0.292621 0.003467 0.422915 0.414912
7 0.574468 0.080731 0.275513 0.003467 0.422915 0.414912
7 0.595745 0.080731 0.26197600000000004 0.003467 0.422915 0.414912
7 0.617021 0.080731 0.249926 0.003467 0.422915 0.414912
7 0.6382979999999999 0.080731 0.25914899999999996 0.003467 0.422915 0.414912
7 0.659574 0.080731 0.26986 0.003467 0.422915 0.414912
7 0.680851 0.080731 0.292621 0.003467 0.422915 0.414912
7 0.702128 0.071664 0.34930100000000003 0.003467 0.422915 0.414912
7 0.723404 0.10826199999999998 0.418328 0.003467 0.422915 0.414912
7 0.744681 0.084064 0.49122299999999997 0.003467 0.422915 0.414912
7 0.765957 0.080731 0.505951 0.003467 0.422915 0.414912
7 0.787234 0.07932 0.47857799999999995 0.003467 0.422915 0.414912
7 0.808511 0.045214 0.461024 0.003467 0.422915 0.414912
7 0.829787 0.045214 0.43141899999999994 0.003467 0.422915 0.414912
7 0.8510639999999999 0.068302 0.407022 0.003467 0.422915 0.414912
7 0.87234 0.045214 0.389021 0.003467 0.422915 0.414912
7 0.893617 0.045214 0.352574 0.003467 0.422915 0.414912
7 0.9148940000000001 0.068302 0.313448 0.003467 0.422915 0.414912
7 0.9361700000000001 0.068302 0.340821 0.003467 0.422915 0.414912
7 0.9574469999999999 0.07932 0.352871 0.003467 0.422915 0.414912
7 0.978723 0.068302 0.35778000000000004 0.003467 0.422915 0.414912
7 1.0 0.044224 0.32862199999999997 0.003467 0.422915 0.414912
1 0.0 0.044104000000000004 0.322821 0.003467 0.422915 0.414912
1 0.021277 0.043983 0.28771199999999997 0.003467 0.422915 0.414912
1 0.042553 0.043983 0.264058 0.003467 0.422915 0.414912
1 0.06383 0.043983 0.225082 0.003467 0.422915 0.414912
1 0.085106 0.043833 0.184915 0.003467 0.422915 0.414912
1 0.10638299999999999 0.043833 0.153079 0.003467 0.422915 0.414912
1 0.12766 0.043833 0.136715 0.003467 0.422915 0.414912
1 0.14893599999999999 0.044104000000000004 0.119905 0.003467 0.422915 0.414912
1 0.170213 0.043833 0.12287999999999999 0.003467 0.422915 0.414912
1 0.19148900000000002 0.045515 0.126599 0.003467 0.422915 0.414912
1 0.21276599999999998 0.045515 0.15784 0.003467 0.422915 0.414912
1 0.23404299999999997 0.081122 0.20752800000000002 0.003467 0.422915 0.414912
1 0.255319 0.088507 0.30199299999999996 0.003467 0.422915 0.414912
1 0.276596 0.11973099999999999 0.40776599999999996 0.003467 0.422915 0.414912
1 0.29787199999999997 0.045214 0.433204 0.003467 0.422915 0.414912
1 0.31914899999999996 0.045515 0.49687600000000004 0.003467 0.422915 0.414912
1 0.340426 0.11973099999999999 0.5241 0.003467 0.422915 0.414912
1 0.361702 0.13105 0.523505 0.003467 0.422915 0.414912
1 0.382979 0.137294 0.558762 0.003467 0.422915 0.414912
1 0.40425500000000003 0.138675 0.572449 0.003467 0.422915 0.414912
1 0.42553199999999997 0.16209300000000001 0.558465 0.003467 0.422915 0.414912
1 0.446809 0.16209300000000001 0.533175 0.003467 0.422915 0.414912
1 0.46808500000000003 0.16209300000000001 0.524249 0.003467 0.422915 0.414912
1 0.48936199999999996 0.11973099999999999 0.517554 0.003467 0.422915 0.414912
1 0.510638 0.11973099999999999 0.5058020000000001 0.003467 0.422915 0.414912
1 0.5319149999999999 0.11973099999999999 0.494644 0.003467 0.422915 0.414912
1 0.553191 0.11973099999999999 0.49762 0.003467 0.422915 0.414912
1 0.574468 0.11973099999999999 0.48780100000000004 0.003467 0.422915 0.414912
1 0.595745 0.09427200000000001 0.475454 0.003467 0.422915 0.414912
1 0.617021 0.09427200000000001 0.46503999999999995 0.003467 0.422915 0.414912
1 0.6382979999999999 0.11973099999999999 0.46161899999999995 0.003467 0.422915 0.414912
1 0.659574 0.11973099999999999 0.46920600000000007 0.003467 0.422915 0.414912
1 0.680851 0.12171300000000002 0.48452799999999996 0.003467 0.422915 0.414912
1 0.702128 0.137294 0.52291 0.003467 0.422915 0.414912
1 0.723404 0.11973099999999999 0.6039869999999999 0.003467 0.422915 0.414912
1 0.744681 0.112526 0.677477 0.003467 0.422915 0.414912
1 0.765957 0.11973099999999999 0.6626 0.003467 0.422915 0.414912
1 0.787234 0.107001 0.627938 0.003467 0.422915 0.414912
1 0.808511 0.09427200000000001 0.5804819999999999 0.003467 0.422915 0.414912
1 0.829787 0.045515 0.562928 0.003467 0.422915 0.414912
1 0.8510639999999999 0.09427200000000001 0.530497 0.003467 0.422915 0.414912
1 0.87234 0.090759 0.50848 0.003467 0.422915 0.414912
1 0.893617 0.045515 0.46161899999999995 0.003467 0.422915 0.414912
1 0.9148940000000001 0.09427200000000001 0.41922 0.003467 0.422915 0.414912
1 0.9361700000000001 0.134622 0.45879200000000003 0.003467 0.422915 0.414912
1 0.9574469999999999 0.134622 0.46325500000000003 0.003467 0.422915 0.414912
1 0.978723 0.12171300000000002 0.476049 0.003467 0.422915 0.414912
1 1.0 0.12171300000000002 0.471288 0.003467 0.422915 0.414912
2 0.0 0.121652 0.47203199999999995 0.003467 0.422915 0.414912
2 0.021277 0.11973099999999999 0.45626300000000003 0.003467 0.422915 0.414912
2 0.042553 0.09427200000000001 0.430675 0.003467 0.422915 0.414912
2 0.06383 0.081122 0.371913 0.003467 0.422915 0.414912
2 0.085106 0.045214 0.312109 0.003467 0.422915 0.414912
2 0.10638299999999999 0.074877 0.261232 0.003467 0.422915 0.414912
2 0.12766 0.074877 0.221065 0.003467 0.422915 0.414912
2 0.14893599999999999 0.074877 0.185659 0.003467 0.422915 0.414912
2 0.170213 0.081122 0.170485 0.003467 0.422915 0.414912
2 0.19148900000000002 0.081122 0.165278 0.003467 0.422915 0.414912
2 0.21276599999999998 0.087366 0.19637000000000002 0.003467 0.422915 0.414912
2 0.23404299999999997 0.08838700000000001 0.246206 0.003467 0.422915 0.414912
2 0.255319 0.129248 0.340524 0.003467 0.422915 0.414912
2 0.276596 0.13105 0.448676 0.003467 0.422915 0.414912
2 0.29787199999999997 0.044224 0.47158599999999995 0.003467 0.422915 0.414912
2 0.31914899999999996 0.095773 0.541952 0.003467 0.422915 0.414912
2 0.340426 0.095773 0.563523 0.003467 0.422915 0.414912
2 0.361702 0.12270299999999999 0.5550430000000001 0.003467 0.422915 0.414912
2 0.382979 0.12843800000000002 0.584499 0.003467 0.422915 0.414912
2 0.40425500000000003 0.12843800000000002 0.59759 0.003467 0.422915 0.414912
2 0.42553199999999997 0.12270299999999999 0.574978 0.003467 0.422915 0.414912
2 0.446809 0.12270299999999999 0.546415 0.003467 0.422915 0.414912
2 0.46808500000000003 0.12270299999999999 0.522612 0.003467 0.422915 0.414912
2 0.48936199999999996 0.095773 0.521571 0.003467 0.422915 0.414912
2 0.510638 0.12270299999999999 0.510265 0.003467 0.422915 0.414912
2 0.5319149999999999 0.12270299999999999 0.5004460000000001 0.003467 0.422915 0.414912
2 0.553191 0.12843800000000002 0.495983 0.003467 0.422915 0.414912
2 0.574468 0.12270299999999999 0.490033 0.003467 0.422915 0.414912
2 0.595745 0.098625 0.47976800000000003 0.003467 0.422915 0.414912
2 0.617021 0.102558 0.467272 0.003467 0.422915 0.414912
2 0.6382979999999999 0.12270299999999999 0.45879200000000003 0.003467 0.422915 0.414912
2 0.659574 0.12843800000000002 0.47619799999999995 0.003467 0.422915 0.414912
2 0.680851 0.13105 0.493306 0.003467 0.422915 0.414912
2 0.702128 0.149634 0.523356 0.003467 0.422915 0.414912
2 0.723404 0.149634 0.61202 0.003467 0.422915 0.414912
2 0.744681 0.134652 0.6928 0.003467 0.422915 0.414912
2 0.765957 0.12843800000000002 0.6840229999999999 0.003467 0.422915 0.414912
2 0.787234 0.12270299999999999 0.6515920000000001 0.003467 0.422915 0.414912
2 0.808511 0.10522999999999999 0.61202 0.003467 0.422915 0.414912
2 0.829787 0.10522999999999999 0.583309 0.003467 0.422915 0.414912
2 0.8510639999999999 0.12270299999999999 0.566498 0.003467 0.422915 0.414912
2 0.87234 0.10522999999999999 0.541506 0.003467 0.422915 0.414912
2 0.893617 0.095773 0.492413 0.003467 0.422915 0.414912
2 0.9148940000000001 0.12270299999999999 0.440345 0.003467 0.422915 0.414912
2 0.9361700000000001 0.13105 0.48318999999999995 0.003467 0.422915 0.414912
2 0.9574469999999999 0.13105 0.48928900000000003 0.003467 0.422915 0.414912
2 0.978723 0.13105 0.494942 0.003467 0.422915 0.414912
2 1.0 0.12270299999999999 0.495091 0.003467 0.422915 0.414912
3 0.0 0.12270299999999999 0.49107399999999995 0.003467 0.422915 0.414912
3 0.021277 0.12270299999999999 0.4759 0.003467 0.422915 0.414912
3 0.042553 0.095773 0.455817 0.003467 0.422915 0.414912
3 0.06383 0.08838700000000001 0.39467399999999997 0.003467 0.422915 0.414912
3 0.085106 0.044224 0.335019 0.003467 0.422915 0.414912
3 0.10638299999999999 0.044224 0.29128200000000004 0.003467 0.422915 0.414912
3 0.12766 0.044224 0.24159499999999998 0.003467 0.422915 0.414912
3 0.14893599999999999 0.074877 0.212883 0.003467 0.422915 0.414912
3 0.170213 0.074877 0.195329 0.003467 0.422915 0.414912
3 0.19148900000000002 0.081122 0.190866 0.003467 0.422915 0.414912
3 0.21276599999999998 0.081122 0.22285 0.003467 0.422915 0.414912
3 0.23404299999999997 0.08838700000000001 0.27625700000000003 0.003467 0.422915 0.414912
3 0.255319 0.12483499999999999 0.377417 0.003467 0.422915 0.414912
3 0.276596 0.12570599999999998 0.49315699999999996 0.003467 0.422915 0.414912
3 0.29787199999999997 0.044224 0.511455 0.003467 0.422915 0.414912
3 0.31914899999999996 0.12570599999999998 0.5900029999999999 0.003467 0.422915 0.414912
3 0.340426 0.12570599999999998 0.613359 0.003467 0.422915 0.414912
3 0.361702 0.12570599999999998 0.594912 0.003467 0.422915 0.414912
3 0.382979 0.190165 0.616632 0.003467 0.422915 0.414912
3 0.40425500000000003 0.16833800000000002 0.624517 0.003467 0.422915 0.414912
3 0.42553199999999997 0.143539 0.602648 0.003467 0.422915 0.414912
3 0.446809 0.143539 0.571407 0.003467 0.422915 0.414912
3 0.46808500000000003 0.12483499999999999 0.548646 0.003467 0.422915 0.414912
3 0.48936199999999996 0.12483499999999999 0.538381 0.003467 0.422915 0.414912
3 0.510638 0.12483499999999999 0.523654 0.003467 0.422915 0.414912
3 0.5319149999999999 0.12483499999999999 0.507736 0.003467 0.422915 0.414912
3 0.553191 0.12483499999999999 0.500744 0.003467 0.422915 0.414912
3 0.574468 0.12483499999999999 0.48988400000000004 0.003467 0.422915 0.414912
3 0.595745 0.098775 0.483487 0.003467 0.422915 0.414912
3 0.617021 0.098775 0.476346 0.003467 0.422915 0.414912
3 0.6382979999999999 0.12483499999999999 0.46414799999999995 0.003467 0.422915 0.414912
3 0.659574 0.12483499999999999 0.476941 0.003467 0.422915 0.414912
3 0.680851 0.12570599999999998 0.49181800000000003 0.003467 0.422915 0.414912
3 0.702128 0.155878 0.535555 0.003467 0.422915 0.414912
3 0.723404 0.155878 0.622434 0.003467 0.422915 0.414912
3 0.744681 0.190165 0.703511 0.003467 0.422915 0.414912
3 0.765957 0.12570599999999998 0.7017260000000001 0.003467 0.422915 0.414912
3 0.787234 0.12570599999999998 0.6740550000000001 0.003467 0.422915 0.414912
3 0.808511 0.12570599999999998 0.63731 0.003467 0.422915 0.414912
3 0.829787 0.12570599999999998 0.60964 0.003467 0.422915 0.414912
3 0.8510639999999999 0.155878 0.588515 0.003467 0.422915 0.414912
3 0.87234 0.12570599999999998 0.56501 0.003467 0.422915 0.414912
3 0.893617 0.12483499999999999 0.508628 0.003467 0.422915 0.414912
3 0.9148940000000001 0.12483499999999999 0.455668 0.003467 0.422915 0.414912
3 0.9361700000000001 0.128498 0.48705699999999996 0.003467 0.422915 0.414912
3 0.9574469999999999 0.12570599999999998 0.495091 0.003467 0.422915 0.414912
3 0.978723 0.12570599999999998 0.507289 0.003467 0.422915 0.414912
3 1.0 0.12570599999999998 0.500893 0.003467 0.422915 0.414912
4 0.0 0.12570599999999998 0.495091 0.003467 0.422915 0.414912
4 0.021277 0.12570599999999998 0.476793 0.003467 0.422915 0.414912
4 0.042553 0.106761 0.448676 0.003467 0.422915 0.414912
4 0.06383 0.098775 0.38619499999999995 0.003467 0.422915 0.414912
4 0.085106 0.081122 0.328771 0.003467 0.422915 0.414912
4 0.10638299999999999 0.081122 0.282952 0.003467 0.422915 0.414912
4 0.12766 0.081122 0.23371 0.003467 0.422915 0.414912
4 0.14893599999999999 0.081122 0.195775 0.003467 0.422915 0.414912
4 0.170213 0.044043 0.175989 0.003467 0.422915 0.414912
4 0.19148900000000002 0.044043 0.178816 0.003467 0.422915 0.414912
4 0.21276599999999998 0.044104000000000004 0.207081 0.003467 0.422915 0.414912
4 0.23404299999999997 0.081122 0.256471 0.003467 0.422915 0.414912
4 0.255319 0.119611 0.365665 0.003467 0.422915 0.414912
4 0.276596 0.124204 0.475454 0.003467 0.422915 0.414912
4 0.29787199999999997 0.044224 0.502678 0.003467 0.422915 0.414912
4 0.31914899999999996 0.124204 0.567837 0.003467 0.422915 0.414912
4 0.340426 0.124204 0.58078 0.003467 0.422915 0.414912
4 0.361702 0.124204 0.564118 0.003467 0.422915 0.414912
4 0.382979 0.124204 0.582267 0.003467 0.422915 0.414912
4 0.40425500000000003 0.095773 0.586879 0.003467 0.422915 0.414912
4 0.42553199999999997 0.095773 0.564713 0.003467 0.422915 0.414912
4 0.446809 0.095773 0.531836 0.003467 0.422915 0.414912
4 0.46808500000000003 0.095773 0.511604 0.003467 0.422915 0.414912
4 0.48936199999999996 0.044224 0.500893 0.003467 0.422915 0.414912
4 0.510638 0.044134 0.48913999999999996 0.003467 0.422915 0.414912
4 0.5319149999999999 0.044134 0.471883 0.003467 0.422915 0.414912
4 0.553191 0.044134 0.46533800000000003 0.003467 0.422915 0.414912
4 0.574468 0.044104000000000004 0.461916 0.003467 0.422915 0.414912
4 0.595745 0.044104000000000004 0.455668 0.003467 0.422915 0.414912
4 0.617021 0.044104000000000004 0.44555200000000006 0.003467 0.422915 0.414912
4 0.6382979999999999 0.044104000000000004 0.439899 0.003467 0.422915 0.414912
4 0.659574 0.044104000000000004 0.451949 0.003467 0.422915 0.414912
4 0.680851 0.044134 0.46533800000000003 0.003467 0.422915 0.414912
4 0.702128 0.044134 0.497917 0.003467 0.422915 0.414912
4 0.723404 0.095773 0.5874739999999999 0.003467 0.422915 0.414912
4 0.744681 0.124204 0.656501 0.003467 0.422915 0.414912
4 0.765957 0.095773 0.653972 0.003467 0.422915 0.414912
4 0.787234 0.044224 0.638352 0.003467 0.422915 0.414912
4 0.808511 0.044134 0.600268 0.003467 0.422915 0.414912
4 0.829787 0.044104000000000004 0.5728949999999999 0.003467 0.422915 0.414912
4 0.8510639999999999 0.044134 0.55177 0.003467 0.422915 0.414912
4 0.87234 0.044134 0.528563 0.003467 0.422915 0.414912
4 0.893617 0.044104000000000004 0.47872700000000007 0.003467 0.422915 0.414912
4 0.9148940000000001 0.044104000000000004 0.426659 0.003467 0.422915 0.414912
4 0.9361700000000001 0.124204 0.472925 0.003467 0.422915 0.414912
4 0.9574469999999999 0.044134 0.485421 0.003467 0.422915 0.414912
4 0.978723 0.044134 0.497471 0.003467 0.422915 0.414912
4 1.0 0.044134 0.49226400000000003 0.003467 0.422915 0.414912
5 0.0 0.095773 0.47828000000000004 0.003467 0.422915 0.414912
5 0.021277 0.044134 0.457007 0.003467 0.422915 0.414912
5 0.042553 0.044104000000000004 0.435138 0.003467 0.422915 0.414912
5 0.06383 0.044104000000000004 0.373996 0.003467 0.422915 0.414912
5 0.085106 0.044104000000000004 0.317763 0.003467 0.422915 0.414912
5 0.10638299999999999 0.044104000000000004 0.276406 0.003467 0.422915 0.414912
5 0.12766 0.044104000000000004 0.23133 0.003467 0.422915 0.414912
5 0.14893599999999999 0.044104000000000004 0.201577 0.003467 0.422915 0.414912
5 0.170213 0.044104000000000004 0.182386 0.003467 0.422915 0.414912
5 0.19148900000000002 0.081122 0.18223699999999998 0.003467 0.422915 0.414912
5 0.21276599999999998 0.081122 0.204255 0.003467 0.422915 0.414912
5 0.23404299999999997 0.087366 0.256769 0.003467 0.422915 0.414912
5 0.255319 0.124204 0.355995 0.003467 0.422915 0.414912
5 0.276596 0.124204 0.458941 0.003467 0.422915 0.414912
5 0.29787199999999997 0.095473 0.493454 0.003467 0.422915 0.414912
5 0.31914899999999996 0.124204 0.561291 0.003467 0.422915 0.414912
5 0.340426 0.095473 0.580036 0.003467 0.422915 0.414912
5 0.361702 0.095473 0.567539 0.003467 0.422915 0.414912
5 0.382979 0.124204 0.591044 0.003467 0.422915 0.414912
5 0.40425500000000003 0.095473 0.589705 0.003467 0.422915 0.414912
5 0.42553199999999997 0.095473 0.5670930000000001 0.003467 0.422915 0.414912
5 0.446809 0.083103 0.5423979999999999 0.003467 0.422915 0.414912
5 0.46808500000000003 0.095473 0.52053 0.003467 0.422915 0.414912
5 0.48936199999999996 0.095473 0.514877 0.003467 0.422915 0.414912
5 0.510638 0.044224 0.503273 0.003467 0.422915 0.414912
5 0.5319149999999999 0.044224 0.490777 0.003467 0.422915 0.414912
5 0.553191 0.044224 0.47976800000000003 0.003467 0.422915 0.414912
5 0.574468 0.044224 0.47069300000000003 0.003467 0.422915 0.414912
5 0.595745 0.044224 0.461321 0.003467 0.422915 0.414912
5 0.617021 0.044224 0.448378 0.003467 0.422915 0.414912
5 0.6382979999999999 0.044224 0.438709 0.003467 0.422915 0.414912
5 0.659574 0.044224 0.445403 0.003467 0.422915 0.414912
5 0.680851 0.049628 0.458941 0.003467 0.422915 0.414912
5 0.702128 0.095473 0.488545 0.003467 0.422915 0.414912
5 0.723404 0.124204 0.5662010000000001 0.003467 0.422915 0.414912
5 0.744681 0.124204 0.625707 0.003467 0.422915 0.414912
5 0.765957 0.124234 0.613657 0.003467 0.422915 0.414912
5 0.787234 0.095473 0.588069 0.003467 0.422915 0.414912
5 0.808511 0.044224 0.54582 0.003467 0.422915 0.414912
5 0.829787 0.044134 0.5083310000000001 0.003467 0.422915 0.414912
5 0.8510639999999999 0.095473 0.5002979999999999 0.003467 0.422915 0.414912
5 0.87234 0.095473 0.48066099999999995 0.003467 0.422915 0.414912
5 0.893617 0.044224 0.443618 0.003467 0.422915 0.414912
5 0.9148940000000001 0.10535 0.39973200000000003 0.003467 0.422915 0.414912
5 0.9361700000000001 0.161553 0.45046099999999994 0.003467 0.422915 0.414912
5 0.9574469999999999 0.124204 0.467272 0.003467 0.422915 0.414912
5 0.978723 0.132491 0.48720600000000003 0.003467 0.422915 0.414912
5 1.0 0.124204 0.48527200000000004 0.003467 0.422915 0.414912
6 0.0 0.124204 0.475454 0.003467 0.422915 0.414912
6 0.021277 0.124204 0.45343599999999995 0.003467 0.422915 0.414912
6 0.042553 0.10796199999999999 0.424576 0.003467 0.422915 0.414912
6 0.06383 0.10535 0.361648 0.003467 0.422915 0.414912
6 0.085106 0.090249 0.299018 0.003467 0.422915 0.414912
6 0.10638299999999999 0.081122 0.24828899999999998 0.003467 0.422915 0.414912
6 0.12766 0.074877 0.203957 0.003467 0.422915 0.414912
6 0.14893599999999999 0.074877 0.164683 0.003467 0.422915 0.414912
6 0.170213 0.081122 0.140434 0.003467 0.422915 0.414912
6 0.19148900000000002 0.081122 0.12897899999999998 0.003467 0.422915 0.414912
6 0.21276599999999998 0.07601799999999999 0.135079 0.003467 0.422915 0.414912
6 0.23404299999999997 0.081122 0.150104 0.003467 0.422915 0.414912
6 0.255319 0.081122 0.193246 0.003467 0.422915 0.414912
6 0.276596 0.090429 0.230735 0.003467 0.422915 0.414912
6 0.29787199999999997 0.09093899999999999 0.281464 0.003467 0.422915 0.414912
6 0.31914899999999996 0.12270299999999999 0.366706 0.003467 0.422915 0.414912
6 0.340426 0.137174 0.436328 0.003467 0.422915 0.414912
6 0.361702 0.137174 0.47352 0.003467 0.422915 0.414912
6 0.382979 0.15698900000000002 0.505207 0.003467 0.422915 0.414912
6 0.40425500000000003 0.15698900000000002 0.49910699999999997 0.003467 0.422915 0.414912
6 0.42553199999999997 0.15698900000000002 0.466528 0.003467 0.422915 0.414912
6 0.446809 0.137174 0.439304 0.003467 0.422915 0.414912
6 0.46808500000000003 0.137174 0.411336 0.003467 0.422915 0.414912
6 0.48936199999999996 0.12270299999999999 0.387385 0.003467 0.422915 0.414912
6 0.510638 0.12270299999999999 0.365367 0.003467 0.422915 0.414912
6 0.5319149999999999 0.12270299999999999 0.350342 0.003467 0.422915 0.414912
6 0.553191 0.09093899999999999 0.33516799999999997 0.003467 0.422915 0.414912
6 0.574468 0.09093899999999999 0.308242 0.003467 0.422915 0.414912
6 0.595745 0.09093899999999999 0.30125 0.003467 0.422915 0.414912
6 0.617021 0.102978 0.29738200000000004 0.003467 0.422915 0.414912
6 0.6382979999999999 0.099526 0.30035700000000004 0.003467 0.422915 0.414912
6 0.659574 0.100997 0.311961 0.003467 0.422915 0.414912
6 0.680851 0.12270299999999999 0.33263899999999996 0.003467 0.422915 0.414912
6 0.702128 0.145851 0.390509 0.003467 0.422915 0.414912
6 0.723404 0.20910900000000002 0.47113999999999995 0.003467 0.422915 0.414912
6 0.744681 0.20910900000000002 0.55787 0.003467 0.422915 0.414912
6 0.765957 0.15759 0.559655 0.003467 0.422915 0.414912
6 0.787234 0.12270299999999999 0.5334720000000001 0.003467 0.422915 0.414912
6 0.808511 0.137174 0.494644 0.003467 0.422915 0.414912
6 0.829787 0.12270299999999999 0.45834600000000003 0.003467 0.422915 0.414912
6 0.8510639999999999 0.09093899999999999 0.429634 0.003467 0.422915 0.414912
6 0.87234 0.090068 0.405088 0.003467 0.422915 0.414912
6 0.893617 0.09093899999999999 0.373847 0.003467 0.422915 0.414912
6 0.9148940000000001 0.102978 0.339036 0.003467 0.422915 0.414912
6 0.9361700000000001 0.102978 0.36983 0.003467 0.422915 0.414912
6 0.9574469999999999 0.102978 0.375632 0.003467 0.422915 0.414912
6 0.978723 0.12270299999999999 0.392443 0.003467 0.422915 0.414912
6 1.0 0.102978 0.371169 0.003467 0.422915 0.414912
7 0.0 0.09021900000000001 0.353169 0.003467 0.422915 0.414912
7 0.021277 0.09093899999999999 0.304671 0.003467 0.422915 0.414912
7 0.042553 0.08364400000000001 0.276555 0.003467 0.422915 0.414912
7 0.06383 0.08364400000000001 0.227016 0.003467 0.422915 0.414912
7 0.085106 0.08364400000000001 0.185361 0.003467 0.422915 0.414912
7 0.10638299999999999 0.081122 0.151294 0.003467 0.422915 0.414912
7 0.12766 0.081122 0.12525999999999998 0.003467 0.422915 0.414912
7 0.14893599999999999 0.07661799999999999 0.101904 0.003467 0.422915 0.414912
7 0.170213 0.07601799999999999 0.090152 0.003467 0.422915 0.414912
7 0.19148900000000002 0.07601799999999999 0.085094 0.003467 0.422915 0.414912
7 0.21276599999999998 0.081122 0.090598 0.003467 0.422915 0.414912
7 0.23404299999999997 0.081122 0.100565 0.003467 0.422915 0.414912
7 0.255319 0.081122 0.123178 0.003467 0.422915 0.414912
7 0.276596 0.08196200000000001 0.147873 0.003467 0.422915 0.414912
7 0.29787199999999997 0.083884 0.175841 0.003467 0.422915 0.414912
7 0.31914899999999996 0.083884 0.23371 0.003467 0.422915 0.414912
7 0.340426 0.089798 0.29247199999999995 0.003467 0.422915 0.414912
7 0.361702 0.117029 0.341267 0.003467 0.422915 0.414912
7 0.382979 0.12270299999999999 0.385004 0.003467 0.422915 0.414912
7 0.40425500000000003 0.12270299999999999 0.396608 0.003467 0.422915 0.414912
7 0.42553199999999997 0.12270299999999999 0.383814 0.003467 0.422915 0.414912
7 0.446809 0.12270299999999999 0.366558 0.003467 0.422915 0.414912
7 0.46808500000000003 0.12270299999999999 0.348111 0.003467 0.422915 0.414912
7 0.48936199999999996 0.102978 0.329515 0.003467 0.422915 0.414912
7 0.510638 0.089798 0.312258 0.003467 0.422915 0.414912
7 0.5319149999999999 0.087426 0.29515 0.003467 0.422915 0.414912
7 0.553191 0.087426 0.27402600000000005 0.003467 0.422915 0.414912
7 0.574468 0.087426 0.254686 0.003467 0.422915 0.414912
7 0.595745 0.083884 0.240405 0.003467 0.422915 0.414912
7 0.617021 0.083884 0.229694 0.003467 0.422915 0.414912
7 0.6382979999999999 0.083884 0.234157 0.003467 0.422915 0.414912
7 0.659574 0.087426 0.24561100000000002 0.003467 0.422915 0.414912
7 0.680851 0.089798 0.270009 0.003467 0.422915 0.414912
7 0.702128 0.13192 0.32892 0.003467 0.422915 0.414912
7 0.723404 0.15698900000000002 0.430824 0.003467 0.422915 0.414912
7 0.744681 0.15759 0.517406 0.003467 0.422915 0.414912
7 0.765957 0.15759 0.5334720000000001 0.003467 0.422915 0.414912
7 0.787234 0.12270299999999999 0.521571 0.003467 0.422915 0.414912
7 0.808511 0.13093 0.497173 0.003467 0.422915 0.414912
7 0.829787 0.12270299999999999 0.46920600000000007 0.003467 0.422915 0.414912
7 0.8510639999999999 0.13093 0.45343599999999995 0.003467 0.422915 0.414912
7 0.87234 0.126606 0.436626 0.003467 0.422915 0.414912
7 0.893617 0.12270299999999999 0.394972 0.003467 0.422915 0.414912
7 0.9148940000000001 0.12270299999999999 0.349598 0.003467 0.422915 0.414912
7 0.9361700000000001 0.117029 0.371616 0.003467 0.422915 0.414912
7 0.9574469999999999 0.12270299999999999 0.370723 0.003467 0.422915 0.414912
7 0.978723 0.12270299999999999 0.378161 0.003467 0.422915 0.414912
7 1.0 0.102978 0.354508 0.003467 0.422915 0.414912
1 0.0 0.087426 0.342011 0.003467 0.422915 0.414912
1 0.021277 0.087426 0.304374 0.003467 0.422915 0.414912
1 0.042553 0.087426 0.289497 0.003467 0.422915 0.414912
1 0.06383 0.083884 0.246802 0.003467 0.422915 0.414912
1 0.085106 0.08196200000000001 0.21020500000000003 0.003467 0.422915 0.414912
1 0.10638299999999999 0.08196200000000001 0.18313 0.003467 0.422915 0.414912
1 0.12766 0.081122 0.163047 0.003467 0.422915 0.414912
1 0.14893599999999999 0.081122 0.144749 0.003467 0.422915 0.414912
1 0.170213 0.087366 0.14385599999999998 0.003467 0.422915 0.414912
1 0.19148900000000002 0.09237999999999999 0.152633 0.003467 0.422915 0.414912
1 0.21276599999999998 0.093611 0.185808 0.003467 0.422915 0.414912
1 0.23404299999999997 0.12270299999999999 0.244421 0.003467 0.422915 0.414912
1 0.255319 0.126216 0.345879 0.003467 0.422915 0.414912
1 0.276596 0.218266 0.45923800000000004 0.003467 0.422915 0.414912
1 0.29787199999999997 0.155878 0.492859 0.003467 0.422915 0.414912
1 0.31914899999999996 0.21073000000000003 0.572449 0.003467 0.422915 0.414912
1 0.340426 0.21031 0.594615 0.003467 0.422915 0.414912
1 0.361702 0.218266 0.587028 0.003467 0.422915 0.414912
1 0.382979 0.299327 0.610086 0.003467 0.422915 0.414912
1 0.40425500000000003 0.24321500000000001 0.615442 0.003467 0.422915 0.414912
1 0.42553199999999997 0.229014 0.599821 0.003467 0.422915 0.414912
1 0.446809 0.229014 0.566944 0.003467 0.422915 0.414912
1 0.46808500000000003 0.22448099999999999 0.5471590000000001 0.003467 0.422915 0.414912
1 0.48936199999999996 0.22448099999999999 0.540315 0.003467 0.422915 0.414912
1 0.510638 0.21073000000000003 0.5241 0.003467 0.422915 0.414912
1 0.5319149999999999 0.20910900000000002 0.5107109999999999 0.003467 0.422915 0.414912
1 0.553191 0.20910900000000002 0.502083 0.003467 0.422915 0.414912
1 0.574468 0.202714 0.492413 0.003467 0.422915 0.414912
1 0.595745 0.21073000000000003 0.47961899999999996 0.003467 0.422915 0.414912
1 0.617021 0.21073000000000003 0.474264 0.003467 0.422915 0.414912
1 0.6382979999999999 0.204275 0.46623000000000003 0.003467 0.422915 0.414912
1 0.659574 0.21073000000000003 0.476049 0.003467 0.422915 0.414912
1 0.680851 0.217335 0.49821499999999996 0.003467 0.422915 0.414912
1 0.702128 0.229014 0.558316 0.003467 0.422915 0.414912
1 0.723404 0.294584 0.652187 0.003467 0.422915 0.414912
1 0.744681 0.298277 0.720173 0.003467 0.422915 0.414912
1 0.765957 0.228654 0.707974 0.003467 0.422915 0.414912
1 0.787234 0.229014 0.670485 0.003467 0.422915 0.414912
1 0.808511 0.22448099999999999 0.634037 0.003467 0.422915 0.414912
1 0.829787 0.18920399999999998 0.610086 0.003467 0.422915 0.414912
1 0.8510639999999999 0.190165 0.582118 0.003467 0.422915 0.414912
1 0.87234 0.143539 0.557721 0.003467 0.422915 0.414912
1 0.893617 0.12270299999999999 0.501785 0.003467 0.422915 0.414912
1 0.9148940000000001 0.12483499999999999 0.440791 0.003467 0.422915 0.414912
1 0.9361700000000001 0.155878 0.47456099999999996 0.003467 0.422915 0.414912
1 0.9574469999999999 0.16128299999999998 0.480512 0.003467 0.422915 0.414912
1 0.978723 0.155878 0.490777 0.003467 0.422915 0.414912
1 1.0 0.12270299999999999 0.49151999999999996 0.003467 0.422915 0.414912
2 0.0 0.12270299999999999 0.48735500000000004 0.003467 0.422915 0.414912
2 0.021277 0.11330599999999999 0.46875900000000004 0.003467 0.422915 0.414912
2 0.042553 0.044134 0.448676 0.003467 0.422915 0.414912
2 0.06383 0.087366 0.384856 0.003467 0.422915 0.414912
2 0.085106 0.081122 0.325945 0.003467 0.422915 0.414912
2 0.10638299999999999 0.081122 0.28473699999999996 0.003467 0.422915 0.414912
2 0.12766 0.081122 0.236983 0.003467 0.422915 0.414912
2 0.14893599999999999 0.081122 0.20365999999999998 0.003467 0.422915 0.414912
2 0.170213 0.076438 0.18774200000000002 0.003467 0.422915 0.414912
2 0.19148900000000002 0.074877 0.185064 0.003467 0.422915 0.414912
2 0.21276599999999998 0.077999 0.214073 0.003467 0.422915 0.414912
2 0.23404299999999997 0.082112 0.262571 0.003467 0.422915 0.414912
2 0.255319 0.087426 0.372954 0.003467 0.422915 0.414912
2 0.276596 0.044134 0.486462 0.003467 0.422915 0.414912
2 0.29787199999999997 0.043833 0.513835 0.003467 0.422915 0.414912
2 0.31914899999999996 0.043983 0.591788 0.003467 0.422915 0.414912
2 0.340426 0.043983 0.6117229999999999 0.003467 0.422915 0.414912
2 0.361702 0.044134 0.595805 0.003467 0.422915 0.414912
2 0.382979 0.044254 0.62169 0.003467 0.422915 0.414912
2 0.40425500000000003 0.044254 0.624219 0.003467 0.422915 0.414912
2 0.42553199999999997 0.044254 0.596102 0.003467 0.422915 0.414912
2 0.446809 0.044134 0.5721510000000001 0.003467 0.422915 0.414912
2 0.46808500000000003 0.044134 0.546415 0.003467 0.422915 0.414912
2 0.48936199999999996 0.044134 0.526034 0.003467 0.422915 0.414912
2 0.510638 0.043983 0.510265 0.003467 0.422915 0.414912
2 0.5319149999999999 0.043983 0.49404899999999996 0.003467 0.422915 0.414912
2 0.553191 0.043983 0.480512 0.003467 0.422915 0.414912
2 0.574468 0.043833 0.47277600000000003 0.003467 0.422915 0.414912
2 0.595745 0.043833 0.467272 0.003467 0.422915 0.414912
2 0.617021 0.043833 0.45090699999999995 0.003467 0.422915 0.414912
2 0.6382979999999999 0.043683 0.444957 0.003467 0.422915 0.414912
2 0.659574 0.043833 0.459685 0.003467 0.422915 0.414912
2 0.680851 0.043983 0.47947 0.003467 0.422915 0.414912
2 0.702128 0.044134 0.5264800000000001 0.003467 0.422915 0.414912
2 0.723404 0.043983 0.625707 0.003467 0.422915 0.414912
2 0.744681 0.044254 0.70485 0.003467 0.422915 0.414912
2 0.765957 0.044134 0.69994 0.003467 0.422915 0.414912
2 0.787234 0.043983 0.672419 0.003467 0.422915 0.414912
2 0.808511 0.043983 0.634633 0.003467 0.422915 0.414912
2 0.829787 0.043833 0.612169 0.003467 0.422915 0.414912
2 0.8510639999999999 0.043983 0.5874739999999999 0.003467 0.422915 0.414912
2 0.87234 0.043833 0.5614399999999999 0.003467 0.422915 0.414912
2 0.893617 0.043833 0.507885 0.003467 0.422915 0.414912
2 0.9148940000000001 0.043683 0.45462700000000006 0.003467 0.422915 0.414912
2 0.9361700000000001 0.044134 0.48616499999999996 0.003467 0.422915 0.414912
2 0.9574469999999999 0.044134 0.489438 0.003467 0.422915 0.414912
2 0.978723 0.043983 0.501785 0.003467 0.422915 0.414912
2 1.0 0.043983 0.50357 0.003467 0.422915 0.414912
3 0.0 0.044134 0.49523999999999996 0.003467 0.422915 0.414912
3 0.021277 0.044134 0.470247 0.003467 0.422915 0.414912
3 0.042553 0.043983 0.448378 0.003467 0.422915 0.414912
3 0.06383 0.043983 0.384409 0.003467 0.422915 0.414912
3 0.085106 0.043983 0.331895 0.003467 0.422915 0.414912
3 0.10638299999999999 0.043833 0.29024099999999997 0.003467 0.422915 0.414912
3 0.12766 0.043833 0.24546300000000001 0.003467 0.422915 0.414912
3 0.14893599999999999 0.043833 0.206932 0.003467 0.422915 0.414912
3 0.170213 0.077999 0.19056800000000002 0.003467 0.422915 0.414912
3 0.19148900000000002 0.082383 0.19042 0.003467 0.422915 0.414912
3 0.21276599999999998 0.082383 0.217346 0.003467 0.422915 0.414912
3 0.23404299999999997 0.082383 0.270306 0.003467 0.422915 0.414912
3 0.255319 0.09199 0.379203 0.003467 0.422915 0.414912
3 0.276596 0.099135 0.497025 0.003467 0.422915 0.414912
3 0.29787199999999997 0.044134 0.5264800000000001 0.003467 0.422915 0.414912
3 0.31914899999999996 0.089798 0.595805 0.003467 0.422915 0.414912
3 0.340426 0.044134 0.608152 0.003467 0.422915 0.414912
3 0.361702 0.043983 0.585986 0.003467 0.422915 0.414912
3 0.382979 0.044134 0.605326 0.003467 0.422915 0.414912
3 0.40425500000000003 0.044254 0.604582 0.003467 0.422915 0.414912
3 0.42553199999999997 0.044134 0.5754239999999999 0.003467 0.422915 0.414912
3 0.446809 0.043983 0.550431 0.003467 0.422915 0.414912
3 0.46808500000000003 0.043983 0.524844 0.003467 0.422915 0.414912
3 0.48936199999999996 0.043983 0.508926 0.003467 0.422915 0.414912
3 0.510638 0.043983 0.49479300000000004 0.003467 0.422915 0.414912
3 0.5319149999999999 0.043983 0.47917299999999996 0.003467 0.422915 0.414912
3 0.553191 0.043983 0.47307299999999997 0.003467 0.422915 0.414912
3 0.574468 0.043983 0.464445 0.003467 0.422915 0.414912
3 0.595745 0.043833 0.451354 0.003467 0.422915 0.414912
3 0.617021 0.043833 0.438709 0.003467 0.422915 0.414912
3 0.6382979999999999 0.043833 0.435436 0.003467 0.422915 0.414912
3 0.659574 0.043833 0.44703999999999994 0.003467 0.422915 0.414912
3 0.680851 0.043983 0.467272 0.003467 0.422915 0.414912
3 0.702128 0.044134 0.521422 0.003467 0.422915 0.414912
3 0.723404 0.067852 0.6126149999999999 0.003467 0.422915 0.414912
3 0.744681 0.044254 0.6928 0.003467 0.422915 0.414912
3 0.765957 0.044254 0.687295 0.003467 0.422915 0.414912
3 0.787234 0.044134 0.656352 0.003467 0.422915 0.414912
3 0.808511 0.043983 0.62645 0.003467 0.422915 0.414912
3 0.829787 0.043983 0.597888 0.003467 0.422915 0.414912
3 0.8510639999999999 0.044134 0.580184 0.003467 0.422915 0.414912
3 0.87234 0.044134 0.556233 0.003467 0.422915 0.414912
3 0.893617 0.043983 0.5022310000000001 0.003467 0.422915 0.414912
3 0.9148940000000001 0.043833 0.45537 0.003467 0.422915 0.414912
3 0.9361700000000001 0.102648 0.49137200000000003 0.003467 0.422915 0.414912
3 0.9574469999999999 0.044134 0.510116 0.003467 0.422915 0.414912
3 0.978723 0.044134 0.505207 0.003467 0.422915 0.414912
3 1.0 0.044134 0.508182 0.003467 0.422915 0.414912
4 0.0 0.044134 0.50476 0.003467 0.422915 0.414912
4 0.021277 0.084664 0.487504 0.003467 0.422915 0.414912
4 0.042553 0.077999 0.463106 0.003467 0.422915 0.414912
4 0.06383 0.077999 0.39155 0.003467 0.422915 0.414912
4 0.085106 0.082383 0.338738 0.003467 0.422915 0.414912
4 0.10638299999999999 0.077999 0.29396 0.003467 0.422915 0.414912
4 0.12766 0.076138 0.24843800000000002 0.003467 0.422915 0.414912
4 0.14893599999999999 0.077999 0.21377600000000002 0.003467 0.422915 0.414912
4 0.170213 0.077999 0.19875 0.003467 0.422915 0.414912
4 0.19148900000000002 0.077999 0.196965 0.003467 0.422915 0.414912
4 0.21276599999999998 0.082383 0.22359400000000001 0.003467 0.422915 0.414912
4 0.23404299999999997 0.082473 0.273579 0.003467 0.422915 0.414912
4 0.255319 0.09258999999999999 0.379946 0.003467 0.422915 0.414912
4 0.276596 0.12270299999999999 0.48259399999999997 0.003467 0.422915 0.414912
4 0.29787199999999997 0.043983 0.522612 0.003467 0.422915 0.414912
4 0.31914899999999996 0.044134 0.599078 0.003467 0.422915 0.414912
4 0.340426 0.043983 0.612169 0.003467 0.422915 0.414912
4 0.361702 0.043983 0.591788 0.003467 0.422915 0.414912
4 0.382979 0.044134 0.61812 0.003467 0.422915 0.414912
4 0.40425500000000003 0.044134 0.615591 0.003467 0.422915 0.414912
4 0.42553199999999997 0.044134 0.5782510000000001 0.003467 0.422915 0.414912
4 0.446809 0.043983 0.557126 0.003467 0.422915 0.414912
4 0.46808500000000003 0.043983 0.5360010000000001 0.003467 0.422915 0.414912
4 0.48936199999999996 0.043983 0.522017 0.003467 0.422915 0.414912
4 0.510638 0.043983 0.515174 0.003467 0.422915 0.414912
4 0.5319149999999999 0.043983 0.497173 0.003467 0.422915 0.414912
4 0.553191 0.043983 0.48988400000000004 0.003467 0.422915 0.414912
4 0.574468 0.043983 0.482446 0.003467 0.422915 0.414912
4 0.595745 0.043833 0.46548599999999996 0.003467 0.422915 0.414912
4 0.617021 0.043833 0.458941 0.003467 0.422915 0.414912
4 0.6382979999999999 0.043833 0.45046099999999994 0.003467 0.422915 0.414912
4 0.659574 0.043833 0.46147 0.003467 0.422915 0.414912
4 0.680851 0.044013 0.473817 0.003467 0.422915 0.414912
4 0.702128 0.056683000000000004 0.510562 0.003467 0.422915 0.414912
4 0.723404 0.053651 0.600863 0.003467 0.422915 0.414912
4 0.744681 0.044224 0.68313 0.003467 0.422915 0.414912
4 0.765957 0.044104000000000004 0.679113 0.003467 0.422915 0.414912
4 0.787234 0.044134 0.663642 0.003467 0.422915 0.414912
4 0.808511 0.044134 0.62645 0.003467 0.422915 0.414912
4 0.829787 0.043923000000000004 0.607557 0.003467 0.422915 0.414912
4 0.8510639999999999 0.044134 0.58911 0.003467 0.422915 0.414912
4 0.87234 0.043983 0.564267 0.003467 0.422915 0.414912
4 0.893617 0.043983 0.514877 0.003467 0.422915 0.414912
4 0.9148940000000001 0.043833 0.46161899999999995 0.003467 0.422915 0.414912
4 0.9361700000000001 0.044134 0.504314 0.003467 0.422915 0.414912
4 0.9574469999999999 0.044134 0.513389 0.003467 0.422915 0.414912
4 0.978723 0.044134 0.5194880000000001 0.003467 0.422915 0.414912
4 1.0 0.044134 0.511157 0.003467 0.422915 0.414912
5 0.0 0.044134 0.503422 0.003467 0.422915 0.414912
5 0.021277 0.077999 0.482892 0.003467 0.422915 0.414912
5 0.042553 0.044134 0.45923800000000004 0.003467 0.422915 0.414912
5 0.06383 0.077999 0.392443 0.003467 0.422915 0.414912
5 0.085106 0.077999 0.33100300000000005 0.003467 0.422915 0.414912
5 0.10638299999999999 0.077999 0.286819 0.003467 0.422915 0.414912
5 0.12766 0.077999 0.24055300000000002 0.003467 0.422915 0.414912
5 0.14893599999999999 0.043833 0.21050300000000002 0.003467 0.422915 0.414912
5 0.170213 0.07808899999999999 0.19131199999999998 0.003467 0.422915 0.414912
5 0.19148900000000002 0.07808899999999999 0.186998 0.003467 0.422915 0.414912
5 0.21276599999999998 0.082473 0.21972600000000003 0.003467 0.422915 0.414912
5 0.23404299999999997 0.083313 0.27119899999999997 0.003467 0.422915 0.414912
5 0.255319 0.087216 0.372657 0.003467 0.422915 0.414912
5 0.276596 0.12270299999999999 0.48557 0.003467 0.422915 0.414912
5 0.29787199999999997 0.043983 0.507587 0.003467 0.422915 0.414912
5 0.31914899999999996 0.043983 0.584796 0.003467 0.422915 0.414912
5 0.340426 0.044043 0.6102350000000001 0.003467 0.422915 0.414912
5 0.361702 0.044043 0.612169 0.003467 0.422915 0.414912
5 0.382979 0.044134 0.626004 0.003467 0.422915 0.414912
5 0.40425500000000003 0.044134 0.625112 0.003467 0.422915 0.414912
5 0.42553199999999997 0.044134 0.595061 0.003467 0.422915 0.414912
5 0.446809 0.044043 0.561738 0.003467 0.422915 0.414912
5 0.46808500000000003 0.043983 0.5360010000000001 0.003467 0.422915 0.414912
5 0.48936199999999996 0.044134 0.518744 0.003467 0.422915 0.414912
5 0.510638 0.044043 0.503868 0.003467 0.422915 0.414912
5 0.5319149999999999 0.043983 0.482446 0.003467 0.422915 0.414912
5 0.553191 0.043983 0.46831300000000003 0.003467 0.422915 0.414912
5 0.574468 0.043983 0.458941 0.003467 0.422915 0.414912
5 0.595745 0.043983 0.44703999999999994 0.003467 0.422915 0.414912
5 0.617021 0.043833 0.433799 0.003467 0.422915 0.414912
5 0.6382979999999999 0.043833 0.429932 0.003467 0.422915 0.414912
5 0.659574 0.043833 0.432609 0.003467 0.422915 0.414912
5 0.680851 0.043833 0.444659 0.003467 0.422915 0.414912
5 0.702128 0.044013 0.488843 0.003467 0.422915 0.414912
5 0.723404 0.049598 0.570663 0.003467 0.422915 0.414912
5 0.744681 0.044134 0.6420710000000001 0.003467 0.422915 0.414912
5 0.765957 0.044043 0.631657 0.003467 0.422915 0.414912
5 0.787234 0.043983 0.606665 0.003467 0.422915 0.414912
5 0.808511 0.043983 0.573639 0.003467 0.422915 0.414912
5 0.829787 0.043833 0.543588 0.003467 0.422915 0.414912
5 0.8510639999999999 0.043983 0.5241 0.003467 0.422915 0.414912
5 0.87234 0.043833 0.505356 0.003467 0.422915 0.414912
5 0.893617 0.043833 0.461916 0.003467 0.422915 0.414912
5 0.9148940000000001 0.043683 0.41743500000000006 0.003467 0.422915 0.414912
5 0.9361700000000001 0.043983 0.46578400000000003 0.003467 0.422915 0.414912
5 0.9574469999999999 0.044134 0.480958 0.003467 0.422915 0.414912
5 0.978723 0.044134 0.494496 0.003467 0.422915 0.414912
5 1.0 0.043983 0.488396 0.003467 0.422915 0.414912
6 0.0 0.044134 0.48690900000000004 0.003467 0.422915 0.414912
6 0.021277 0.044134 0.464296 0.003467 0.422915 0.414912
6 0.042553 0.044134 0.430824 0.003467 0.422915 0.414912
6 0.06383 0.043983 0.368343 0.003467 0.422915 0.414912
6 0.085106 0.043983 0.303184 0.003467 0.422915 0.414912
6 0.10638299999999999 0.043983 0.252008 0.003467 0.422915 0.414912
6 0.12766 0.044043 0.21050300000000002 0.003467 0.422915 0.414912
6 0.14893599999999999 0.043833 0.171229 0.003467 0.422915 0.414912
6 0.170213 0.060586 0.146831 0.003467 0.422915 0.414912
6 0.19148900000000002 0.043833 0.135525 0.003467 0.422915 0.414912
6 0.21276599999999998 0.060586 0.13716199999999998 0.003467 0.422915 0.414912
6 0.23404299999999997 0.066981 0.158137 0.003467 0.422915 0.414912
6 0.255319 0.081122 0.198602 0.003467 0.422915 0.414912
6 0.276596 0.07310599999999999 0.24308200000000002 0.003467 0.422915 0.414912
6 0.29787199999999997 0.083884 0.296935 0.003467 0.422915 0.414912
6 0.31914899999999996 0.087366 0.386938 0.003467 0.422915 0.414912
6 0.340426 0.089798 0.463106 0.003467 0.422915 0.414912
6 0.361702 0.095803 0.502975 0.003467 0.422915 0.414912
6 0.382979 0.121652 0.531389 0.003467 0.422915 0.414912
6 0.40425500000000003 0.10910299999999999 0.523505 0.003467 0.422915 0.414912
6 0.42553199999999997 0.089798 0.493008 0.003467 0.422915 0.414912
6 0.446809 0.044254 0.459685 0.003467 0.422915 0.414912
6 0.46808500000000003 0.044254 0.43141899999999994 0.003467 0.422915 0.414912
6 0.48936199999999996 0.044134 0.406427 0.003467 0.422915 0.414912
6 0.510638 0.044134 0.38069000000000003 0.003467 0.422915 0.414912
6 0.5319149999999999 0.044134 0.360904 0.003467 0.422915 0.414912
6 0.553191 0.044134 0.342011 0.003467 0.422915 0.414912
6 0.574468 0.044134 0.322523 0.003467 0.422915 0.414912
6 0.595745 0.043983 0.30839 0.003467 0.422915 0.414912
6 0.617021 0.043983 0.299762 0.003467 0.422915 0.414912
6 0.6382979999999999 0.043983 0.29738200000000004 0.003467 0.422915 0.414912
6 0.659574 0.043983 0.30244 0.003467 0.422915 0.414912
6 0.680851 0.043983 0.323416 0.003467 0.422915 0.414912
6 0.702128 0.083884 0.390658 0.003467 0.422915 0.414912
6 0.723404 0.10646099999999999 0.46920600000000007 0.003467 0.422915 0.414912
6 0.744681 0.10646099999999999 0.538976 0.003467 0.422915 0.414912
6 0.765957 0.089798 0.536596 0.003467 0.422915 0.414912
6 0.787234 0.044404 0.513686 0.003467 0.422915 0.414912
6 0.808511 0.044254 0.46965200000000007 0.003467 0.422915 0.414912
6 0.829787 0.044134 0.439304 0.003467 0.422915 0.414912
6 0.8510639999999999 0.044134 0.405088 0.003467 0.422915 0.414912
6 0.87234 0.043983 0.383517 0.003467 0.422915 0.414912
6 0.893617 0.043983 0.351979 0.003467 0.422915 0.414912
6 0.9148940000000001 0.043983 0.319399 0.003467 0.422915 0.414912
6 0.9361700000000001 0.044134 0.352425 0.003467 0.422915 0.414912
6 0.9574469999999999 0.043983 0.356442 0.003467 0.422915 0.414912
6 0.978723 0.043983 0.369682 0.003467 0.422915 0.414912
6 1.0 0.043983 0.35302 0.003467 0.422915 0.414912
7 0.0 0.043983 0.336656 0.003467 0.422915 0.414912
7 0.021277 0.043863 0.292175 0.003467 0.422915 0.414912
7 0.042553 0.043833 0.266885 0.003467 0.422915 0.414912
7 0.06383 0.043833 0.218536 0.003467 0.422915 0.414912
7 0.085106 0.043833 0.174353 0.003467 0.422915 0.414912
7 0.10638299999999999 0.043833 0.136864 0.003467 0.422915 0.414912
7 0.12766 0.043683 0.11425199999999999 0.003467 0.422915 0.414912
7 0.14893599999999999 0.043683 0.089259 0.003467 0.422915 0.414912
7 0.170213 0.043683 0.076912 0.003467 0.422915 0.414912
7 0.19148900000000002 0.043683 0.071854 0.003467 0.422915 0.414912
7 0.21276599999999998 0.043683 0.076763 0.003467 0.422915 0.414912
7 0.23404299999999997 0.043833 0.08911000000000001 0.003467 0.422915 0.414912
7 0.255319 0.043833 0.109491 0.003467 0.422915 0.414912
7 0.276596 0.043833 0.12987200000000002 0.003467 0.422915 0.414912
7 0.29787199999999997 0.043833 0.153526 0.003467 0.422915 0.414912
7 0.31914899999999996 0.043983 0.21422199999999997 0.003467 0.422915 0.414912
7 0.340426 0.043983 0.284142 0.003467 0.422915 0.414912
7 0.361702 0.044134 0.339929 0.003467 0.422915 0.414912
7 0.382979 0.044134 0.391996 0.003467 0.422915 0.414912
7 0.40425500000000003 0.044134 0.417882 0.003467 0.422915 0.414912
7 0.42553199999999997 0.044134 0.424874 0.003467 0.422915 0.414912
7 0.446809 0.044134 0.42145200000000005 0.003467 0.422915 0.414912
7 0.46808500000000003 0.083884 0.41074099999999997 0.003467 0.422915 0.414912
7 0.48936199999999996 0.083884 0.40226100000000004 0.003467 0.422915 0.414912
7 0.510638 0.083884 0.394823 0.003467 0.422915 0.414912
7 0.5319149999999999 0.08472400000000001 0.381434 0.003467 0.422915 0.414912
7 0.553191 0.083884 0.360458 0.003467 0.422915 0.414912
7 0.574468 0.083884 0.340821 0.003467 0.422915 0.414912
7 0.595745 0.082353 0.332342 0.003467 0.422915 0.414912
7 0.617021 0.082353 0.322523 0.003467 0.422915 0.414912
7 0.6382979999999999 0.083884 0.33323400000000003 0.003467 0.422915 0.414912
7 0.659574 0.083884 0.341267 0.003467 0.422915 0.414912
7 0.680851 0.086676 0.36373099999999997 0.003467 0.422915 0.414912
7 0.702128 0.08970800000000001 0.420857 0.003467 0.422915 0.414912
7 0.723404 0.121502 0.493752 0.003467 0.422915 0.414912
7 0.744681 0.121502 0.5589109999999999 0.003467 0.422915 0.414912
7 0.765957 0.08970800000000001 0.571407 0.003467 0.422915 0.414912
7 0.787234 0.086676 0.550878 0.003467 0.422915 0.414912
7 0.808511 0.044404 0.5239510000000001 0.003467 0.422915 0.414912
7 0.829787 0.044254 0.49523999999999996 0.003467 0.422915 0.414912
7 0.8510639999999999 0.044254 0.46667700000000006 0.003467 0.422915 0.414912
7 0.87234 0.044134 0.447932 0.003467 0.422915 0.414912
7 0.893617 0.044134 0.401964 0.003467 0.422915 0.414912
7 0.9148940000000001 0.044134 0.349747 0.003467 0.422915 0.414912
7 0.9361700000000001 0.044134 0.372954 0.003467 0.422915 0.414912
7 0.9574469999999999 0.043983 0.368938 0.003467 0.422915 0.414912
7 0.978723 0.043983 0.372062 0.003467 0.422915 0.414912
7 1.0 0.043983 0.352127 0.003467 0.422915 0.414912
1 0.0 0.043983 0.333829 0.003467 0.422915 0.414912
1 0.021277 0.043983 0.296638 0.003467 0.422915 0.414912
1 0.042553 0.043923000000000004 0.282356 0.003467 0.422915 0.414912
1 0.06383 0.043983 0.236537 0.003467 0.422915 0.414912
1 0.085106 0.043983 0.205296 0.003467 0.422915 0.414912
1 0.10638299999999999 0.043833 0.17286500000000002 0.003467 0.422915 0.414912
1 0.12766 0.043683 0.151145 0.003467 0.422915 0.414912
1 0.14893599999999999 0.043683 0.136269 0.003467 0.422915 0.414912
1 0.170213 0.043352999999999996 0.12987200000000002 0.003467 0.422915 0.414912
1 0.19148900000000002 0.043532999999999995 0.138203 0.003467 0.422915 0.414912
1 0.21276599999999998 0.043532999999999995 0.17465 0.003467 0.422915 0.414912
1 0.23404299999999997 0.07610800000000001 0.226569 0.003467 0.422915 0.414912
1 0.255319 0.082473 0.331449 0.003467 0.422915 0.414912
1 0.276596 0.085145 0.43603100000000006 0.003467 0.422915 0.414912
1 0.29787199999999997 0.048367 0.460726 0.003467 0.422915 0.414912
1 0.31914899999999996 0.048517000000000005 0.532728 0.003467 0.422915 0.414912
1 0.340426 0.048367 0.5513239999999999 0.003467 0.422915 0.414912
1 0.361702 0.048367 0.546266 0.003467 0.422915 0.414912
1 0.382979 0.048517000000000005 0.580036 0.003467 0.422915 0.414912
1 0.40425500000000003 0.048607 0.5816720000000001 0.003467 0.422915 0.414912
1 0.42553199999999997 0.048607 0.565605 0.003467 0.422915 0.414912
1 0.446809 0.048517000000000005 0.542844 0.003467 0.422915 0.414912
1 0.46808500000000003 0.048517000000000005 0.514579 0.003467 0.422915 0.414912
1 0.48936199999999996 0.048517000000000005 0.517406 0.003467 0.422915 0.414912
1 0.510638 0.089798 0.516215 0.003467 0.422915 0.414912
1 0.5319149999999999 0.089798 0.5 0.003467 0.422915 0.414912
1 0.553191 0.081302 0.49107399999999995 0.003467 0.422915 0.414912
1 0.574468 0.048517000000000005 0.485421 0.003467 0.422915 0.414912
1 0.595745 0.089798 0.47917299999999996 0.003467 0.422915 0.414912
1 0.617021 0.048517000000000005 0.466082 0.003467 0.422915 0.414912
1 0.6382979999999999 0.048517000000000005 0.466528 0.003467 0.422915 0.414912
1 0.659574 0.093191 0.472181 0.003467 0.422915 0.414912
1 0.680851 0.048517000000000005 0.47976800000000003 0.003467 0.422915 0.414912
1 0.702128 0.107302 0.539423 0.003467 0.422915 0.414912
1 0.723404 0.048517000000000005 0.615739 0.003467 0.422915 0.414912
1 0.744681 0.05221 0.673312 0.003467 0.422915 0.414912
1 0.765957 0.048517000000000005 0.6474260000000001 0.003467 0.422915 0.414912
1 0.787234 0.048367 0.6126149999999999 0.003467 0.422915 0.414912
1 0.808511 0.048367 0.572597 0.003467 0.422915 0.414912
1 0.829787 0.043352999999999996 0.540762 0.003467 0.422915 0.414912
1 0.8510639999999999 0.048517000000000005 0.504909 0.003467 0.422915 0.414912
1 0.87234 0.048367 0.48869399999999996 0.003467 0.422915 0.414912
1 0.893617 0.047556 0.446593 0.003467 0.422915 0.414912
1 0.9148940000000001 0.043352999999999996 0.39869099999999996 0.003467 0.422915 0.414912
1 0.9361700000000001 0.048517000000000005 0.445849 0.003467 0.422915 0.414912
1 0.9574469999999999 0.048517000000000005 0.447783 0.003467 0.422915 0.414912
1 0.978723 0.07610800000000001 0.47456099999999996 0.003467 0.422915 0.414912
1 1.0 0.07610800000000001 0.475156 0.003467 0.422915 0.414912
2 0.0 0.07610800000000001 0.475156 0.003467 0.422915 0.414912
2 0.021277 0.076798 0.459387 0.003467 0.422915 0.414912
2 0.042553 0.059864999999999995 0.42442700000000005 0.003467 0.422915 0.414912
2 0.06383 0.048517000000000005 0.370425 0.003467 0.422915 0.414912
2 0.085106 0.07610800000000001 0.308242 0.003467 0.422915 0.414912
2 0.10638299999999999 0.048367 0.263314 0.003467 0.422915 0.414912
2 0.12766 0.043532999999999995 0.2169 0.003467 0.422915 0.414912
2 0.14893599999999999 0.043532999999999995 0.177774 0.003467 0.422915 0.414912
2 0.170213 0.043352999999999996 0.16200499999999998 0.003467 0.422915 0.414912
2 0.19148900000000002 0.043352999999999996 0.166171 0.003467 0.422915 0.414912
2 0.21276599999999998 0.043532999999999995 0.191163 0.003467 0.422915 0.414912
2 0.23404299999999997 0.046806 0.236686 0.003467 0.422915 0.414912
2 0.255319 0.07610800000000001 0.334573 0.003467 0.422915 0.414912
2 0.276596 0.046926 0.43737 0.003467 0.422915 0.414912
2 0.29787199999999997 0.043503 0.452246 0.003467 0.422915 0.414912
2 0.31914899999999996 0.043532999999999995 0.511604 0.003467 0.422915 0.414912
2 0.340426 0.043503 0.531687 0.003467 0.422915 0.414912
2 0.361702 0.043503 0.526331 0.003467 0.422915 0.414912
2 0.382979 0.047016 0.560994 0.003467 0.422915 0.414912
2 0.40425500000000003 0.046806 0.575573 0.003467 0.422915 0.414912
2 0.42553199999999997 0.046806 0.555936 0.003467 0.422915 0.414912
2 0.446809 0.046806 0.538976 0.003467 0.422915 0.414912
2 0.46808500000000003 0.046806 0.534067 0.003467 0.422915 0.414912
2 0.48936199999999996 0.046806 0.525885 0.003467 0.422915 0.414912
2 0.510638 0.046806 0.523207 0.003467 0.422915 0.414912
2 0.5319149999999999 0.046806 0.513091 0.003467 0.422915 0.414912
2 0.553191 0.046806 0.508628 0.003467 0.422915 0.414912
2 0.574468 0.046806 0.511157 0.003467 0.422915 0.414912
2 0.595745 0.046806 0.500595 0.003467 0.422915 0.414912
2 0.617021 0.046806 0.490033 0.003467 0.422915 0.414912
2 0.6382979999999999 0.046806 0.490925 0.003467 0.422915 0.414912
2 0.659574 0.046806 0.505653 0.003467 0.422915 0.414912
2 0.680851 0.046956 0.529604 0.003467 0.422915 0.414912
2 0.702128 0.077789 0.5766140000000001 0.003467 0.422915 0.414912
2 0.723404 0.046956 0.638649 0.003467 0.422915 0.414912
2 0.744681 0.046956 0.681196 0.003467 0.422915 0.414912
2 0.765957 0.046806 0.658137 0.003467 0.422915 0.414912
2 0.787234 0.043532999999999995 0.6197560000000001 0.003467 0.422915 0.414912
2 0.808511 0.043532999999999995 0.5766140000000001 0.003467 0.422915 0.414912
2 0.829787 0.043532999999999995 0.547754 0.003467 0.422915 0.414912
2 0.8510639999999999 0.046806 0.515174 0.003467 0.422915 0.414912
2 0.87234 0.046806 0.5 0.003467 0.422915 0.414912
2 0.893617 0.043532999999999995 0.451503 0.003467 0.422915 0.414912
2 0.9148940000000001 0.043352999999999996 0.407914 0.003467 0.422915 0.414912
2 0.9361700000000001 0.046956 0.450759 0.003467 0.422915 0.414912
2 0.9574469999999999 0.046806 0.462214 0.003467 0.422915 0.414912
2 0.978723 0.047076 0.48795 0.003467 0.422915 0.414912
2 1.0 0.046956 0.488099 0.003467 0.422915 0.414912
3 0.0 0.047076 0.48066099999999995 0.003467 0.422915 0.414912
3 0.021277 0.047076 0.46206499999999995 0.003467 0.422915 0.414912
3 0.042553 0.046956 0.427849 0.003467 0.422915 0.414912
3 0.06383 0.046956 0.36730100000000004 0.003467 0.422915 0.414912
3 0.085106 0.046806 0.308985 0.003467 0.422915 0.414912
3 0.10638299999999999 0.07610800000000001 0.263314 0.003467 0.422915 0.414912
3 0.12766 0.043532999999999995 0.221065 0.003467 0.422915 0.414912
3 0.14893599999999999 0.07610800000000001 0.19175799999999998 0.003467 0.422915 0.414912
3 0.170213 0.043532999999999995 0.170783 0.003467 0.422915 0.414912
3 0.19148900000000002 0.043532999999999995 0.170485 0.003467 0.422915 0.414912
3 0.21276599999999998 0.074877 0.201726 0.003467 0.422915 0.414912
3 0.23404299999999997 0.076798 0.25305 0.003467 0.422915 0.414912
3 0.255319 0.082473 0.35183000000000003 0.003467 0.422915 0.414912
3 0.276596 0.082473 0.456561 0.003467 0.422915 0.414912
3 0.29787199999999997 0.043532999999999995 0.479322 0.003467 0.422915 0.414912
3 0.31914899999999996 0.043532999999999995 0.534365 0.003467 0.422915 0.414912
3 0.340426 0.043532999999999995 0.552365 0.003467 0.422915 0.414912
3 0.361702 0.043532999999999995 0.543439 0.003467 0.422915 0.414912
3 0.382979 0.045394 0.578399 0.003467 0.422915 0.414912
3 0.40425500000000003 0.045244 0.584499 0.003467 0.422915 0.414912
3 0.42553199999999997 0.045244 0.559357 0.003467 0.422915 0.414912
3 0.446809 0.045244 0.53972 0.003467 0.422915 0.414912
3 0.46808500000000003 0.045244 0.518149 0.003467 0.422915 0.414912
3 0.48936199999999996 0.045244 0.511455 0.003467 0.422915 0.414912
3 0.510638 0.045244 0.502083 0.003467 0.422915 0.414912
3 0.5319149999999999 0.045244 0.48676 0.003467 0.422915 0.414912
3 0.553191 0.045244 0.481404 0.003467 0.422915 0.414912
3 0.574468 0.043863 0.479322 0.003467 0.422915 0.414912
3 0.595745 0.045244 0.48021400000000003 0.003467 0.422915 0.414912
3 0.617021 0.045274 0.46533800000000003 0.003467 0.422915 0.414912
3 0.6382979999999999 0.045244 0.464891 0.003467 0.422915 0.414912
3 0.659574 0.045244 0.470396 0.003467 0.422915 0.414912
3 0.680851 0.045244 0.49018100000000003 0.003467 0.422915 0.414912
3 0.702128 0.045244 0.531836 0.003467 0.422915 0.414912
3 0.723404 0.043983 0.615293 0.003467 0.422915 0.414912
3 0.744681 0.045244 0.67465 0.003467 0.422915 0.414912
3 0.765957 0.045244 0.659625 0.003467 0.422915 0.414912
3 0.787234 0.043563 0.635228 0.003467 0.422915 0.414912
3 0.808511 0.043563 0.59283 0.003467 0.422915 0.414912
3 0.829787 0.043532999999999995 0.569473 0.003467 0.422915 0.414912
3 0.8510639999999999 0.045394 0.550431 0.003467 0.422915 0.414912
3 0.87234 0.045244 0.531389 0.003467 0.422915 0.414912
3 0.893617 0.043893 0.48512299999999997 0.003467 0.422915 0.414912
3 0.9148940000000001 0.043532999999999995 0.43186599999999997 0.003467 0.422915 0.414912
3 0.9361700000000001 0.045394 0.48066099999999995 0.003467 0.422915 0.414912
3 0.9574469999999999 0.045394 0.48661099999999996 0.003467 0.422915 0.414912
3 0.978723 0.045394 0.508033 0.003467 0.422915 0.414912
3 1.0 0.045394 0.506397 0.003467 0.422915 0.414912
